Warning: No targets specified. Data will only be collected for default target (core 0).
Info: Sampling Interval adjusted to: 1200 ms.
Profiling started

AMDuProfPcm Report

Processor Name:,AMD EPYC 9755 128-Core Processor               
System:,Family(0x1a) Model(0x02) Stepping(0x1)
Operating System:,Linux 6.8.0-101-generic
Number of Sockets :,2
Number of Core Complexes(CCX) :,32
Number of Cores :,256
Number of Threads :,512
SMT Enabled in HW:,True
SMT Enabled by OS :,True

CPU Topology:
Socket, CCX, Core(s)
0,0, 0 1 2 3 4 5 6 7 256 257 258 259 260 261 262 263
0,1, 96 97 98 99 100 101 102 103 352 353 354 355 356 357 358 359
0,2, 32 33 34 35 36 37 38 39 288 289 290 291 292 293 294 295
0,3, 64 65 66 67 68 69 70 71 320 321 322 323 324 325 326 327
0,4, 8 9 10 11 12 13 14 15 264 265 266 267 268 269 270 271
0,5, 104 105 106 107 108 109 110 111 360 361 362 363 364 365 366 367
0,6, 40 41 42 43 44 45 46 47 296 297 298 299 300 301 302 303
0,7, 72 73 74 75 76 77 78 79 328 329 330 331 332 333 334 335
0,8, 16 17 18 19 20 21 22 23 272 273 274 275 276 277 278 279
0,9, 112 113 114 115 116 117 118 119 368 369 370 371 372 373 374 375
0,10, 48 49 50 51 52 53 54 55 304 305 306 307 308 309 310 311
0,11, 80 81 82 83 84 85 86 87 336 337 338 339 340 341 342 343
0,12, 24 25 26 27 28 29 30 31 280 281 282 283 284 285 286 287
0,13, 120 121 122 123 124 125 126 127 376 377 378 379 380 381 382 383
0,14, 56 57 58 59 60 61 62 63 312 313 314 315 316 317 318 319
0,15, 88 89 90 91 92 93 94 95 344 345 346 347 348 349 350 351
1,16, 128 129 130 131 132 133 134 135 384 385 386 387 388 389 390 391
1,17, 224 225 226 227 228 229 230 231 480 481 482 483 484 485 486 487
1,18, 160 161 162 163 164 165 166 167 416 417 418 419 420 421 422 423
1,19, 192 193 194 195 196 197 198 199 448 449 450 451 452 453 454 455
1,20, 136 137 138 139 140 141 142 143 392 393 394 395 396 397 398 399
1,21, 232 233 234 235 236 237 238 239 488 489 490 491 492 493 494 495
1,22, 168 169 170 171 172 173 174 175 424 425 426 427 428 429 430 431
1,23, 200 201 202 203 204 205 206 207 456 457 458 459 460 461 462 463
1,24, 144 145 146 147 148 149 150 151 400 401 402 403 404 405 406 407
1,25, 240 241 242 243 244 245 246 247 496 497 498 499 500 501 502 503
1,26, 176 177 178 179 180 181 182 183 432 433 434 435 436 437 438 439
1,27, 208 209 210 211 212 213 214 215 464 465 466 467 468 469 470 471
1,28, 152 153 154 155 156 157 158 159 408 409 410 411 412 413 414 415
1,29, 248 249 250 251 252 253 254 255 504 505 506 507 508 509 510 511
1,30, 184 185 186 187 188 189 190 191 440 441 442 443 444 445 446 447
1,31, 216 217 218 219 220 221 222 223 472 473 474 475 476 477 478 479

Socket-UMC Topology:
Socket, UMC(s)
0,0 1 2 3 4 5 6 7 8 9 10 11 

Core P0 state frequency (MHz):,2700.000000
Multiplex interval (ms):,100
Sample interval (ms):,1200
Data Collection Driver:,MSR Driver
NMI Watchdog Enabled:,1
Version:,5.1.701.0 (PUBLIC)

Hypervisor Info:
Hypervisor Enabled:,False
Command:,"AMDuProfPcm -r --msr -m memory -d 15"

Abbreviation :
IPC    : Instructions Per CPU Cycle
CPI    : CPU Cycles Per Instructions
pti    : Per Thousand Instructions
ptc    : Per Thousand CPU Cycles
Topdown metrics are reported in "% slots"

Profile Time: 2026/06/09 20:57:14:110
DF METRICS,,,,,
System (Aggregated),,,,,
Total Mem Bw (GB/s),Total Mem RdBw (GB/s),Total Mem WrBw (GB/s),Local DRAM Write Data Bytes(GB/s),Remote DRAM Write Data Bytes (GB/s),
0.01,0.01,0.00,0.00,0.00,
0.01,0.01,0.00,0.00,0.00,
0.01,0.01,0.00,0.00,0.00,
0.01,0.01,0.00,0.00,0.00,
0.01,0.01,0.00,0.00,0.00,
0.01,0.01,0.00,0.00,0.00,
0.01,0.01,0.00,0.00,0.00,
0.01,0.01,0.00,0.00,0.00,
0.01,0.01,0.00,0.00,0.00,
0.01,0.01,0.00,0.00,0.00,
0.01,0.01,0.00,0.00,0.00,
0.01,0.01,0.00,0.00,0.00,
0.01,0.01,0.00,0.00,0.00,
