Busy%	PkgWatt
12.79	451.82
20.87	228.55
48.21
0.02
73.85
35.64
28.30
0.01
0.01
36.24
18.93
0.01
0.01
9.20
0.01
48.89
23.77
34.01
40.02
0.01
0.01
0.01
0.01
0.01
0.01
35.41
27.53
0.02
0.01
64.37
2.72
14.89
63.23
6.34
70.23
0.01
0.01
0.01
0.01
33.14
23.48
41.53
14.31
23.23
27.10
38.25
13.96
0.01
0.02
0.01
0.01
76.43
2.51
0.01
0.01
0.01
0.01
33.09
27.00
0.01
0.01
0.01
0.01
26.78
3.26
41.11
27.31
45.79
21.91
2.70
73.95
0.01
0.01
0.01
0.01
0.01
0.01
0.01
0.01
33.54
19.00
29.61
13.64
21.39
6.40
0.01
0.01
0.01
0.01
24.42
19.52
35.22
22.84
0.01
0.02
32.21
29.99
39.34
25.76
19.82
28.19
54.48
27.86
0.01
0.01
34.58
20.79
0.01
0.01
0.01
0.01
0.01
0.02
0.01
0.01
0.01
0.01
0.01
0.01
0.01
0.01
0.01
0.01
5.56
39.89
42.60
23.13
27.81
12.78
0.01
0.01
0.01
0.01
0.01
0.01
0.01
0.01
0.01
0.01
0.01
0.01
33.21
24.94
0.01
0.01
0.01
0.01
0.01
0.01
0.01
0.01
30.06
32.63
0.01
0.01
0.01
0.01
0.01
0.01
40.63
15.12
0.01
0.01
0.02
0.01
0.01
0.01
0.03
0.02
45.46
17.19
1.71
79.88
31.89
30.10
34.65
10.29
38.78
14.65
0.01
0.01
73.49
5.73
0.01
0.01
0.01
0.01
0.01
0.01
0.01
0.01
0.01
0.01
0.01
0.01
54.47
12.17
0.01
0.01
0.01
0.01
0.01
0.01
0.01
0.01
41.09
22.86
27.56
30.42
0.16
70.57
18.67
19.03
43.42
9.39
0.01
0.01
16.25
27.83
0.01
0.01
38.28
32.11
0.01
0.01
2.71
77.41
52.32
19.18
0.01
0.01
0.01
0.01
0.01
0.01
42.75
23.71
27.05
33.50
33.99
8.50
0.02
0.01
0.01
0.01
0.01
0.01
0.01
0.01
73.96
11.54
0.01
0.01
0.01
0.01
0.01
0.01
47.92	204.48
13.98
0.01
0.01
0.01
0.01
0.01
0.01
34.26
1.90
0.01
0.01
60.48
21.95
0.01
0.01
18.65
37.42
0.01
0.02
11.41
51.95
0.01
0.01
11.70
42.78
15.96
36.16
0.01
0.02
21.48
24.46
16.23
32.77
11.74
19.56
15.10
2.79
0.00
0.01
0.01
0.01
0.01
0.01
0.01
0.01
30.04
29.87
0.01
0.01
0.01
0.01
0.01
0.01
38.77
21.03
33.67
36.04
44.97
34.23
6.15
30.71
0.01
0.01
41.92
26.30
0.01
0.00
35.83
15.48
0.01
0.01
0.01
0.01
22.34
21.07
0.01
0.01
21.16
4.17
31.80
16.57
0.01
0.01
0.01
0.01
0.01
0.01
0.01
0.01
0.01
0.01
0.01
0.01
0.01
0.01
0.01
0.01
51.07
19.33
0.01
0.01
0.01
0.01
37.57
15.33
0.01
0.01
47.00
14.18
25.51
30.77
44.30
28.71
0.01
0.01
2.84
67.37
37.42
24.62
0.02
0.01
0.00
0.01
0.02
0.01
66.00
2.43
58.98
10.77
39.67
18.40
40.52
35.46
44.47
19.45
0.01
0.01
0.01
0.01
0.01
0.01
0.01
0.01
0.00
79.88
8.88
73.74
26.10
56.86
0.01
0.01
0.01
0.01
0.00
0.01
0.01
0.01
0.01
0.01
36.09
29.03
34.15
19.64
34.90
15.98
48.77
11.93
37.07
24.30
0.01
0.01
0.01
0.01
0.01
0.01
0.02
0.01
0.01
0.01
0.02
0.01
0.02
0.01
0.01
0.01
0.01
0.01
0.01
0.01
34.71
26.05
55.61
13.49
0.01
0.01
39.83
22.69
0.01
0.01
0.00
0.01
40.59
14.61
0.01
0.01
0.01
0.01
12.14
29.60
0.01
0.01
0.01
0.01
42.69
6.11
0.01
0.01
0.01
0.01
12.28
29.76
0.01
0.01
24.78
23.24
0.01
0.01
0.01
0.01
0.01
0.01
0.01
0.01
0.01
0.01
45.07
30.46
0.01
0.01
23.22
16.32
16.90
11.60
0.01
0.01
0.02
0.01
0.02
0.01
34.92
27.81
0.01
0.01
23.56
49.01
Busy%	PkgWatt
12.54	430.67
53.07	223.97
25.44
50.66
26.22
44.20
22.12
0.01
0.01
12.70
33.34
0.01
0.01
39.90
15.57
30.57
22.93
33.58
15.77
0.01
0.01
0.01
0.01
0.01
0.01
23.43
23.23
0.01
0.01
23.39
39.18
39.88
23.36
44.73
16.72
0.01
0.01
0.01
0.01
3.24
23.44
24.85
32.06
27.48
23.96
27.47
21.59
0.01
0.01
0.01
0.02
22.56
12.38
0.01
0.01
0.01
0.01
20.84
31.76
0.01
0.01
0.01
0.01
19.73
27.47
19.30
26.77
24.48
23.27
35.18
29.98
0.01
0.01
0.01
0.01
0.01
0.01
0.01
0.01
23.88
20.53
46.61
12.87
38.14
6.43
0.01
0.01
0.01
0.01
25.96
25.05
35.04
0.19
0.01
0.01
46.14
20.21
28.91
26.71
16.29
53.05
71.41
0.09
0.01
0.01
0.18
42.29
0.01
0.01
0.03
0.01
0.01
0.01
0.01
0.01
0.01
0.01
0.01
0.01
0.01
0.01
0.01
0.01
15.46
14.46
35.56
22.39
66.48
14.04
0.01
0.01
0.01
0.01
0.01
0.01
0.01
0.01
0.01
0.01
0.01
0.01
24.51
35.06
0.01
0.01
0.01
0.01
0.01
0.01
0.01
0.01
16.10
55.62
0.01
0.01
0.01
0.01
0.02
0.01
19.87
28.47
0.01
0.01
0.01
0.01
0.02
0.01
0.04
0.01
44.52
20.60
8.61
72.86
3.49
80.40
29.87
17.45
24.56
23.32
0.01
0.01
31.26
26.43
0.01
0.01
0.01
0.01
0.01
0.01
0.01
0.01
0.01
0.01
0.01
0.01
19.29
20.15
0.01
0.01
0.01
0.01
0.01
0.01
0.01
0.01
22.43
28.84
21.34
45.82
40.56
19.39
9.53
61.49
33.76
19.58
0.02
0.01
28.03
18.12
0.01
0.01
19.52
33.33
0.02
0.01
62.61
13.73
34.57
23.66
0.01
0.01
0.01
0.01
0.01
0.01
41.15
18.32
28.04
32.94
6.20
33.15
0.02
0.01
0.02
0.01
0.01
0.01
0.01
0.01
46.54
15.70
0.02
0.01
0.01
0.01
0.01
0.01
21.75	206.70
34.42
0.02
0.01
0.01
0.01
0.01
0.01
17.90
56.75
0.01
0.02
31.31
34.61
0.01
0.01
22.31
3.34
0.01
0.01
2.52
73.92
0.01
0.01
12.07
34.99
31.94
31.22
0.01
0.01
40.89
30.33
11.92
59.45
31.32
28.70
15.77
39.80
0.01
0.01
0.01
0.01
0.01
0.01
0.01
0.01
29.77
35.23
0.01
0.01
0.01
0.01
0.01
0.01
24.04
33.52
5.65
42.03
24.35
34.40
24.15
34.80
0.01
0.01
33.19
30.52
0.02
0.02
36.10
25.42
0.01
0.01
0.01
0.01
32.80
21.66
0.02
0.01
9.83
52.63
29.17
31.63
0.01
0.01
0.01
0.01
0.01
0.01
0.01
0.01
0.01
0.01
0.01
0.01
0.02
0.01
0.14
0.01
20.33
43.79
0.01
0.01
0.01
0.01
76.25
3.25
0.01
0.01
28.84
39.64
48.20
21.65
12.92
36.77
0.01
0.01
63.04
6.01
79.68
2.55
0.01
0.01
0.01
0.01
0.01
0.01
30.07
51.17
7.02
30.51
20.83
36.69
12.20
27.48
0.03
60.78
0.01
0.01
0.01
0.01
0.01
0.01
0.01
0.01
17.04
44.87
30.95
39.00
32.43
38.12
0.01
0.01
0.01
0.01
0.01
0.01
0.01
0.01
0.01
0.01
26.27
30.66
9.91
38.22
22.32
31.99
10.17
30.07
22.57
24.03
0.01
0.03
0.01
0.01
0.01
0.01
0.01
0.01
0.01
0.01
0.01
0.01
0.01
0.01
0.01
0.01
0.01
0.01
0.01
0.01
74.16
0.01
15.40
49.84
0.01
0.01
18.54
40.08
0.01
0.01
0.01
0.01
2.55
9.09
0.00
0.01
0.01
0.01
14.96
38.45
0.01
0.01
0.01
0.01
15.75
36.87
0.01
0.01
0.01
0.01
19.56
30.27
0.01
0.01
32.74
36.33
0.01
0.01
0.01
0.01
0.01
0.02
0.01
0.01
0.01
0.01
28.65
37.09
0.01
0.02
31.49
43.89
37.96
0.00
0.01
0.01
0.01
0.01
0.01
0.01
38.20
19.20
0.01
0.01
6.07
66.52
Busy%	PkgWatt
11.91	424.02
35.71	222.53
28.98
0.01
0.01
12.32
73.91
0.01
0.02
30.82
19.98
0.01
0.01
26.95
25.96
34.35
22.77
52.99
12.98
0.01
0.01
0.01
0.01
0.01
0.01
9.60
3.18
0.01
0.01
52.10
7.01
51.89
17.13
59.37
13.16
0.01
0.01
0.01
0.01
79.12
3.28
25.05
29.99
19.65
16.14
29.51
9.58
0.01
0.01
0.01
0.01
0.19
80.31
0.01
0.01
0.01
0.01
47.28
19.19
0.01
0.01
0.01
0.01
23.63
17.09
19.37
23.32
16.92
34.30
9.80
21.85
0.01
0.01
0.01
0.01
0.01
0.01
0.01
0.01
27.21
23.67
42.43
15.55
13.58
42.93
0.01
0.01
0.01
0.01
33.77
14.02
59.80
9.96
0.01
0.01
9.47
34.90
35.78
18.03
9.39
20.21
41.73
18.34
0.01
0.01
36.55
9.74
0.01
0.01
0.01
0.01
0.01
0.01
0.01
0.01
0.01
0.01
0.01
0.01
0.01
0.01
0.01
0.01
41.20
13.14
34.66
18.42
56.89
3.35
0.01
0.01
0.01
0.01
0.01
0.01
0.01
0.01
0.01
0.01
0.01
0.01
6.13
70.58
0.01
0.01
0.01
0.01
0.01
0.01
0.01
0.01
13.83
19.48
0.01
0.02
0.01
0.01
0.01
0.01
6.49
41.84
0.01
0.01
0.01
0.01
0.03
0.01
0.03
0.02
36.04
32.31
20.76
53.83
42.22
13.94
7.85
76.75
56.18
1.82
0.01
0.02
46.56
22.63
0.01
0.01
0.01
0.01
0.01
0.01
0.01
0.01
0.01
0.01
0.01
0.01
9.35
23.52
0.01
0.01
0.01
0.01
0.01
0.01
0.01
0.01
31.10
16.49
28.39
10.63
22.66
2.99
37.70
25.71
43.61
12.87
0.01
0.01
81.75
3.12
0.01
0.01
32.10
22.75
0.01
0.01
15.55
40.91
46.60
21.11
0.01
0.01
0.02
0.01
0.01
0.01
60.89
3.10
17.67
29.00
22.14
53.27
0.02
0.01
0.01
0.01
0.01
0.01
0.01
0.01
45.01
11.94
0.01
0.01
0.01
0.01
0.01
0.01
40.99	201.51
14.66
0.01
0.01
0.01
0.01
0.01
0.01
68.81
14.33
0.01
0.01
42.41
17.05
0.01
0.01
19.55
50.42
0.01
0.01
6.54
0.00
0.01
0.03
16.37
32.58
3.83
28.57
0.01
0.01
25.69
31.52
10.77
28.27
41.84
21.97
42.92
14.35
0.01
0.01
0.02
0.01
0.02
0.01
0.01
0.01
48.01
26.08
0.01
0.01
0.01
0.01
0.01
0.01
16.36
39.12
32.51
32.18
0.05
27.39
3.80
65.73
0.01
0.01
50.43
16.10
0.01
0.01
18.37
12.83
0.01
0.01
0.01
0.01
40.92
8.16
0.01
0.01
17.23
50.03
48.91
15.63
0.01
0.01
0.01
0.01
0.01
0.01
0.01
0.01
0.01
0.01
0.01
0.01
0.01
0.01
0.07
0.01
35.39
34.19
0.02
0.01
0.01
0.01
18.67
35.63
0.02
0.01
21.39
29.14
7.12
16.08
18.90
41.40
0.01
0.01
11.03
37.58
24.33
29.60
0.01
0.01
0.01
0.01
0.01
0.01
29.54
28.95
52.18
15.96
26.77
11.61
32.77
9.10
6.33
67.71
0.02
0.01
0.01
0.01
0.02
0.01
0.02
0.01
12.87
27.98
16.25
36.80
16.57
61.63
0.01
0.01
0.01
0.01
0.01
0.01
0.01
0.01
0.01
0.01
18.36
24.40
23.93
36.91
2.70
39.39
29.60
28.33
53.75
11.90
0.01
0.00
0.01
0.01
0.01
0.01
0.01
0.01
0.01
0.01
0.01
0.01
0.01
0.01
0.01
0.01
0.01
0.01
0.01
0.01
6.86
37.98
42.49
12.84
0.02
0.01
61.93
12.97
0.01
0.01
0.01
0.01
60.06
16.46
0.01
0.01
0.01
0.01
23.30
29.06
0.01
0.01
0.01
0.01
32.41
32.43
0.01
0.01
0.01
0.01
56.06
2.87
0.01
0.01
19.79
53.72
0.01
0.01
0.01
0.01
0.01
0.01
0.01
0.01
0.01
0.01
8.82
9.34
0.01
0.01
43.98
24.88
29.24
2.86
0.01
0.01
0.01
0.01
0.01
0.01
33.39
6.50
0.01
0.01
35.68
30.77
Busy%	PkgWatt
11.83	422.95
62.87	222.45
3.20
0.01
0.01
23.91
33.58
0.01
0.01
54.78
10.96
0.01
0.01
62.90
13.89
27.69
24.92
50.44
27.43
0.01
0.01
0.01
0.01
0.01
0.01
43.21
18.26
0.01
0.02
61.57
7.87
53.62
20.73
8.57
28.10
0.01
0.01
0.01
0.01
36.69
18.27
16.73
39.82
26.13
29.33
21.55
27.79
0.01
0.01
0.01
0.01
18.52
9.34
0.01
0.01
0.01
0.01
10.96
57.17
0.03
0.01
0.01
0.01
30.57
28.40
22.89
0.17
19.69
9.19
37.19
0.09
0.01
0.01
0.01
0.01
0.01
0.01
0.03
0.01
27.85
14.36
72.06
9.27
27.58
16.27
0.01
0.01
0.01
0.01
0.02
12.47
46.77
6.76
0.01
0.00
39.64
24.50
17.46
29.71
27.19
21.12
27.70
34.71
0.01
0.01
76.05
0.18
0.01
0.01
0.04
0.01
0.01
0.01
0.01
0.01
0.01
0.01
0.01
0.01
0.01
0.01
0.01
0.01
51.46
21.60
52.49
0.28
31.54
19.05
0.01
0.01
0.01
0.01
0.01
0.01
0.01
0.02
0.01
0.01
0.01
0.01
21.49
30.11
0.01
0.01
0.01
0.01
0.01
0.01
0.01
0.01
12.29
62.00
0.01
0.01
0.01
0.01
0.01
0.00
12.93
16.08
0.01
0.01
0.01
0.01
0.03
0.01
0.06
0.01
28.96
24.18
37.14
34.74
30.25
30.58
36.46
23.70
31.16
20.31
0.01
0.01
60.18
10.65
0.01
0.01
0.01
0.01
0.01
0.01
0.01
0.01
0.01
0.01
0.01
0.01
29.08
32.16
0.01
0.01
0.01
0.01
0.01
0.01
0.03
0.02
23.09
21.48
22.42
28.93
9.72
66.39
38.98
12.48
6.10
42.15
0.01
0.00
51.15
9.85
0.01
0.00
21.60
57.33
0.01
0.01
29.29
3.20
38.20
31.33
0.01
0.01
0.01
0.01
0.01
0.01
32.03
37.92
22.94
24.69
35.77
35.15
0.02
0.01
0.02
0.01
0.01
0.01
0.01
0.01
31.89
23.81
0.02
0.01
0.01
0.01
0.01
0.01
38.08	200.44
14.77
0.01
0.01
0.01
0.01
0.01
0.00
17.14
21.01
0.01
0.01
42.33
27.99
0.01
0.00
21.67
7.30
0.01
0.00
34.29
29.47
0.01
0.02
37.80
31.69
77.63
6.40
0.01
0.01
46.00
15.97
53.95
13.21
54.24
20.85
38.96
28.04
0.01
0.02
0.01
0.01
0.01
0.01
0.01
0.01
13.51
3.33
0.02
0.01
0.01
0.01
0.01
0.01
18.86
49.41
27.86
47.37
20.32
0.00
29.91
22.12
0.01
0.00
41.50
21.61
0.01
0.00
47.12
20.73
0.01
0.01
0.01
0.00
35.73
21.86
0.01
0.01
8.71
45.68
25.63
49.62
0.01
0.01
0.01
0.01
0.01
0.01
0.01
0.01
0.01
0.01
0.01
0.01
0.01
0.01
0.06
0.01
42.76
23.60
0.01
0.01
0.01
0.00
30.29
26.68
0.01
0.01
41.29
18.28
27.83
35.57
34.16
20.75
0.01
0.01
36.62
19.72
28.43
22.01
0.01
0.01
0.01
0.01
0.01
0.01
39.42
5.64
49.79
15.46
26.12
16.80
37.24
16.87
38.34
28.54
0.01
0.01
0.01
0.01
0.01
0.01
0.01
0.00
13.43
57.79
40.59
22.54
15.50
12.65
0.01
0.01
0.01
0.01
0.01
0.01
0.01
0.01
0.01
0.01
9.55
11.96
6.46
22.33
3.21
9.09
39.72
13.37
21.87
23.83
0.01
0.00
0.01
0.00
0.01
0.01
0.01
0.01
0.01
0.02
0.01
0.02
0.02
0.01
0.01
0.01
0.01
0.01
0.01
0.01
49.59
26.73
29.38
20.40
0.01
0.01
41.15
24.62
0.01
0.01
0.01
0.01
65.37
9.09
0.01
0.01
0.01
0.01
13.52
53.73
0.01
0.01
0.01
0.01
33.89
19.93
0.01
0.01
0.01
0.01
15.34
22.28
0.01
0.01
30.55
31.46
0.01
0.01
0.01
0.00
0.01
0.01
0.01
0.01
0.01
0.01
24.88
25.01
0.02
0.01
25.05
27.50
22.92
18.72
0.01
0.01
0.01
0.01
0.01
0.01
2.82
0.00
0.01
0.01
27.95
6.69
Busy%	PkgWatt
11.55	419.46
40.01	219.77
23.04
0.01
0.01
9.82
59.67
0.01
0.01
14.31
32.54
0.01
0.01
13.33
45.25
10.98
4.88
25.13
20.37
0.01
0.01
0.02
0.01
0.01
0.01
38.47
24.01
0.01
0.01
76.06
6.57
40.08
29.93
13.64
18.78
0.01
0.01
0.01
0.01
7.17
32.61
0.27
80.44
19.91
18.88
6.64
50.81
27.57
23.48
0.01
0.01
41.90
15.48
0.01
0.01
0.01
0.01
37.49
33.96
0.01
0.01
0.01
0.01
7.89
5.98
30.10
37.40
40.49
12.86
17.20
6.50
0.01
0.01
0.01
0.01
0.01
0.01
0.01
0.01
16.68
11.93
33.58
19.43
38.20
5.25
0.01
0.01
0.01
0.03
11.96
28.51
19.78
18.89
0.02
0.02
16.24
35.60
26.83
25.30
28.06
14.15
26.48
44.48
0.01
0.01
30.11
25.56
0.01
0.01
0.01
0.02
0.01
0.01
0.01
0.01
0.01
0.01
0.01
0.01
0.01
0.01
0.01
0.01
45.71
27.67
25.67
36.46
15.68
59.51
0.01
0.01
0.01
0.01
0.01
0.01
0.01
0.01
0.01
0.01
0.01
0.01
15.66
25.35
0.01
0.01
0.01
0.01
0.01
0.01
0.01
0.02
31.97
25.42
0.01
0.02
0.01
0.01
0.01
0.01
29.75
34.72
0.01
0.01
0.02
0.01
0.07
0.02
0.05
0.02
51.88
17.90
35.17
22.37
5.68
61.26
12.51
24.55
21.52
23.49
0.01
0.01
60.93
21.47
0.01
0.01
0.01
0.01
0.01
0.01
0.01
0.01
0.01
0.01
0.01
0.01
22.56
27.06
0.01
0.01
0.01
0.01
0.01
0.01
0.01
0.01
17.16
35.81
11.43
3.81
19.19
18.99
24.63
15.99
26.26
34.00
0.01
0.01
34.16
17.36
0.01
0.01
42.62
20.05
0.01
0.01
45.35
16.22
27.82
19.59
0.01
0.01
0.01
0.01
0.01
0.01
16.38
25.91
16.34
39.77
18.29
23.93
0.02
0.01
0.01
0.01
0.01
0.01
0.01
0.01
69.06
13.25
0.01
0.01
0.01
0.01
0.01
0.01
38.07	199.82
29.36
0.01
0.01
0.01
0.00
0.01
0.01
22.17
12.11
0.01
0.01
3.56
69.08
0.01
0.01
36.32
10.46
0.01
0.02
16.10
15.52
0.01
0.06
32.59
32.10
35.96
30.54
0.01
0.02
80.18
4.20
28.41
3.16
46.12
19.64
43.93
33.04
0.01
0.01
0.01
0.01
0.01
0.01
0.01
0.01
19.99
33.49
0.01
0.01
0.01
0.01
0.01
0.01
36.66
44.10
11.41
1.21
18.81
36.97
14.37
16.77
0.01
0.01
14.11
2.96
0.01
0.01
24.89
56.24
0.01
0.01
0.01
0.01
20.09
26.26
0.01
0.01
27.92
1.67
18.53
28.90
0.01
0.01
0.01
0.01
0.01
0.01
0.01
0.01
0.01
0.01
0.01
0.01
0.01
0.01
0.18
0.01
16.41
32.25
0.01
0.01
0.01
0.01
9.34
38.04
0.02
0.01
28.76
39.33
33.54
39.27
24.70
23.33
0.01
0.01
32.03
20.58
6.52
4.58
0.01
0.01
0.02
0.01
0.01
0.01
12.15
69.96
24.32
51.23
25.72
11.97
41.71
29.73
6.82
29.54
0.01
0.01
0.01
0.01
0.01
0.01
0.01
0.01
28.53
11.32
31.24
24.82
17.91
49.96
0.01
0.01
0.01
0.01
0.01
0.01
0.01
0.01
0.01
0.01
9.61
73.60
25.76
29.88
15.55
30.51
37.27
20.35
15.99
42.61
0.01
0.00
0.01
0.01
0.01
0.01
0.02
0.01
0.01
0.01
0.01
0.01
0.03
0.01
0.01
0.01
0.01
0.01
0.01
0.01
31.28
11.53
30.99
28.15
0.01
0.01
39.08
31.43
0.01
0.01
0.01
0.01
24.62
34.53
0.01
0.01
0.01
0.01
17.28
32.76
0.01
0.00
0.01
0.01
30.28
36.26
0.01
0.01
0.01
0.01
12.26
30.67
0.01
0.01
32.27
44.47
0.01
0.01
0.01
0.01
0.01
0.01
0.01
0.01
0.01
0.01
20.11
17.00
0.01
0.01
20.45
17.96
6.68
0.04
0.01
0.00
0.01
0.01
0.01
0.01
20.07
46.09
0.01
0.01
28.13
36.93
Busy%	PkgWatt
11.11	414.69
44.53	213.22
24.61
0.01
0.01
40.63
6.16
0.01
0.01
28.89
0.18
0.01
0.00
51.98
2.90
18.50
36.62
34.01
15.13
0.01
0.00
0.01
0.01
0.01
0.00
0.01
0.01
0.01
0.00
0.10
0.10
22.57
30.98
30.19
4.61
0.01
0.00
0.00
0.01
19.59
31.38
20.70
16.32
15.39
10.35
27.64
34.73
31.11
28.88
0.01
0.02
20.59
20.47
0.01
0.01
0.01
0.01
27.04
22.29
0.02
0.01
0.01
0.01
62.62
0.76
25.48
32.83
23.86
48.63
0.02
3.10
0.01
0.01
0.01
0.00
0.01
0.01
0.02
0.01
74.91
9.14
67.63
3.24
24.24
35.64
0.01
0.00
0.01
0.00
0.02
0.18
85.32
0.19
0.01
0.01
0.20
47.52
36.89
12.90
19.35
31.99
60.30
22.08
0.01
0.01
16.07
28.57
0.01
0.01
0.04
0.01
0.01
0.02
0.01
0.00
0.01
0.01
0.01
0.01
0.01
0.01
0.01
0.00
22.88
43.77
0.12
76.34
31.29
3.05
0.01
0.01
0.01
0.00
0.00
0.01
0.01
0.01
0.01
0.00
0.01
0.01
81.82
0.14
0.01
0.00
0.01
0.00
0.01
0.00
0.03
0.01
40.37
7.91
0.01
0.01
0.01
0.00
0.01
0.01
23.04
22.98
0.01
0.01
0.02
0.01
0.02
0.01
0.04
0.01
23.35
2.87
17.72
35.11
25.98
5.77
0.01
74.21
33.47
13.78
0.01
0.01
17.57
0.10
0.01
0.01
0.01
0.00
0.01
0.01
0.01
0.01
0.01
0.01
0.01
0.01
0.01
0.01
0.01
0.01
0.01
0.00
0.01
0.01
0.03
0.00
27.00
20.20
0.08
23.85
34.59
23.05
19.03
27.12
3.25
12.95
0.01
0.01
21.96
25.35
0.01
0.01
29.80
14.07
0.01
0.01
30.43
22.81
32.94
31.94
0.01
0.02
0.01
0.01
0.01
0.01
45.64
26.86
5.62
54.21
11.06
21.44
0.02
0.00
0.02
0.01
0.01
0.01
0.01
0.00
33.81
29.07
0.02
0.01
0.01
0.00
0.01
0.01
44.79	201.45
12.38
0.01
0.01
0.01
0.01
0.01
0.01
36.59
20.05
0.01
0.01
33.88
26.06
0.01
0.01
36.24
0.01
0.01
0.01
88.99
0.00
0.00
0.01
24.71
46.10
29.85
37.08
0.02
0.00
36.91
37.54
2.94
53.42
4.01
62.20
0.03
86.06
0.02
0.01
0.01
0.03
0.03
0.03
0.01
0.01
5.45
9.80
0.03
0.02
0.02
0.01
0.01
0.03
30.11
20.80
63.03
5.69
58.46
18.96
47.36
15.71
0.01
0.01
35.33
27.71
0.02
0.03
19.79
31.86
0.01
0.01
0.01
0.01
8.94
52.32
0.02
0.01
12.15
66.22
31.48
15.77
0.01
0.01
0.01
0.01
0.02
0.01
0.02
0.01
0.01
0.01
0.02
0.02
0.03
0.01
0.04
0.01
22.92
20.11
0.01
0.01
0.01
0.01
17.07
15.80
0.01
0.01
32.66
25.99
37.76
23.08
44.75
20.19
0.01
0.01
34.97
9.66
46.08
31.37
0.01
0.01
0.01
0.01
0.01
0.01
11.78
14.09
21.19
47.08
19.71
31.48
26.18
22.25
19.28
13.52
0.01
0.01
0.01
0.01
0.01
0.01
0.01
0.01
41.26
22.72
9.08
21.64
24.58
33.73
0.01
0.01
0.02
0.01
0.02
0.01
0.03
0.01
0.02
0.01
8.60
24.53
27.62
23.29
36.68
23.62
15.96
16.05
20.36
21.59
0.01
0.01
0.01
0.01
0.01
0.02
0.01
0.01
0.01
0.01
0.02
0.01
0.05
0.01
0.03
0.01
0.01
0.01
0.01
0.01
31.15
5.71
20.92
21.63
0.01
0.01
34.04
31.21
0.01
0.01
0.01
0.01
31.55
7.87
0.01
0.01
0.01
0.01
31.36
28.39
0.01
0.01
0.01
0.01
20.63
27.02
0.01
0.01
0.01
0.01
16.02
31.06
0.01
0.01
30.30
32.82
0.01
0.01
0.01
0.01
0.01
0.02
0.01
0.01
0.01
0.01
37.60
21.15
0.01
0.01
11.69
35.33
18.72
20.97
0.01
0.01
0.01
0.01
0.01
0.01
37.22
29.30
0.01
0.01
32.04
35.45
Busy%	PkgWatt
12.22	427.25
37.28	222.83
32.42
0.01
0.01
21.32
39.93
0.01
0.02
37.19
2.14
0.01
0.01
6.06
29.64
24.95
19.91
49.92
13.55
0.01
0.01
0.01
0.01
0.01
0.01
0.01
0.01
0.01
0.01
6.29
19.66
35.80
16.71
17.23
16.06
0.01
0.01
0.01
0.01
32.94
23.60
13.55
13.08
31.67
27.50
39.28
27.36
40.83
22.74
0.01
0.01
13.61
66.01
0.01
0.01
0.01
0.01
40.23
21.33
0.01
0.01
0.01
0.01
31.23
11.79
29.43
36.49
49.21
21.90
29.47
29.79
0.01
0.01
0.01
0.01
0.01
0.01
0.01
0.01
28.25
16.14
31.47
18.12
3.23
74.64
0.01
0.01
0.01
0.01
20.85
28.14
27.05
36.08
0.01
0.01
4.78
68.89
19.79
26.83
34.26
32.13
38.58
28.92
0.01
0.01
18.84
25.57
0.01
0.01
0.01
0.01
0.01
0.01
0.01
0.01
0.01
0.02
0.01
0.01
0.01
0.01
0.01
0.01
18.52
29.46
24.25
54.42
29.39
55.56
0.01
0.01
0.01
0.01
0.01
0.01
0.01
0.01
0.01
0.01
0.01
0.01
9.98
54.38
0.01
0.01
0.01
0.01
0.01
0.01
0.01
0.01
40.74
19.03
0.01
0.02
0.01
0.01
0.01
0.01
50.53
2.91
0.01
0.01
0.01
0.01
0.05
0.02
0.05
0.01
46.22
17.81
34.06
33.16
33.13
22.88
41.28
18.67
44.46
11.90
0.01
0.02
51.97
5.28
0.01
0.01
0.01
0.01
0.01
0.01
0.01
0.01
0.01
0.01
0.01
0.01
0.01
0.01
0.01
0.01
0.01
0.01
0.01
0.01
0.01
0.01
29.40
13.15
30.60
24.46
47.39
5.94
39.00
3.58
68.93
3.57
0.01
0.01
77.59
3.04
0.01
0.01
52.35
16.35
0.01
0.01
43.65
25.75
37.45
22.62
0.01
0.01
0.02
0.01
0.01
0.01
9.65
3.60
35.57
27.06
0.36
63.83
0.02
0.01
0.01
0.01
0.02
0.01
0.01
0.01
39.19
15.19
0.01
0.01
0.01
0.01
0.01
0.01
40.36	204.43
12.08
0.01
0.01
0.01
0.01
0.01
0.01
82.74
2.92
0.01
0.01
11.69
25.31
0.01
0.01
17.83
40.17
0.01
0.01
18.28
37.32
0.01
0.03
32.01
29.61
69.21
0.07
0.01
0.01
20.48
29.33
46.84
8.58
41.82
32.21
53.29
3.54
0.02
0.01
0.01
0.01
0.02
0.01
0.01
0.01
41.85
29.10
0.01
0.01
0.01
0.01
0.01
0.01
45.78
2.32
8.16
66.56
33.24
25.38
16.60
43.50
0.01
0.01
9.60
7.30
0.01
0.01
15.97
12.91
0.01
0.01
0.01
0.01
33.34
18.76
0.01
0.01
18.16
40.45
36.55
12.06
0.01
0.01
0.01
0.01
0.01
0.01
0.01
0.01
0.01
0.01
0.01
0.01
0.01
0.01
0.10
0.01
52.17
25.05
0.02
0.01
0.01
0.01
26.17
18.96
0.02
0.01
13.06
10.41
79.43
6.50
56.80
14.26
0.01
0.01
16.39
42.05
52.40
17.28
0.01
0.01
0.01
0.01
0.01
0.01
39.20
15.42
43.11
11.40
38.75
13.44
43.73
24.12
15.53
40.77
0.01
0.01
0.01
0.01
0.01
0.01
0.01
0.01
32.27
6.48
5.99
69.36
27.45
31.80
0.01
0.01
0.01
0.01
0.01
0.01
0.01
0.01
0.01
0.01
30.05
15.79
6.53
68.55
16.42
29.47
47.81
13.48
26.16
29.81
0.01
0.01
0.01
0.01
0.01
0.01
0.01
0.01
0.01
0.01
0.01
0.01
0.01
0.01
0.01
0.01
0.01
0.01
0.01
0.01
7.33
57.03
44.85
8.84
0.02
0.01
7.61
66.06
0.01
0.01
0.01
0.01
32.87
15.62
0.01
0.01
0.01
0.01
38.60
26.45
0.01
0.01
0.01
0.01
1.75
51.30
0.01
0.01
0.02
0.01
30.66
13.77
0.01
0.01
23.88
24.23
0.01
0.01
0.01
0.01
0.01
0.01
0.01
0.01
0.01
0.01
54.53
3.36
0.01
0.01
24.29
42.33
42.41
7.24
0.01
0.01
0.01
0.01
0.01
0.01
23.70
41.74
0.01
0.01
24.02
42.16
Busy%	PkgWatt
11.61	420.53
29.36	221.81
37.52
0.01
0.00
47.07
7.44
0.01
0.01
15.67
14.22
0.01
0.01
15.58
40.72
52.87
7.43
32.36
27.04
0.01
0.01
0.01
0.01
0.01
0.02
0.01
0.02
0.01
0.00
67.77
6.52
59.03
19.64
19.39
49.61
0.01
0.01
0.01
0.01
31.22
36.51
44.01
16.95
5.75
0.00
74.12
4.23
36.10
27.05
0.01
0.01
37.91
33.28
0.01
0.01
0.01
0.01
41.12
29.46
0.01
0.01
0.01
0.01
38.19
19.51
12.54
45.83
27.67
34.58
32.38
21.28
0.01
0.01
0.01
0.01
0.01
0.01
0.01
0.01
24.73
43.68
52.80
10.76
47.04
22.58
0.01
0.01
0.01
0.01
53.97
3.28
23.76
15.45
0.01
0.01
29.93
35.07
20.23
30.33
21.34
39.41
31.88
35.80
0.01
0.01
19.24
33.38
0.01
0.01
0.04
0.01
0.01
0.03
0.01
0.01
0.01
0.01
0.01
0.01
0.01
0.01
0.01
0.01
36.10
9.63
32.38
41.10
33.01
25.92
0.01
0.01
0.01
0.02
0.01
0.01
0.01
0.02
0.01
0.01
0.01
0.01
5.83
70.64
0.01
0.01
0.01
0.01
0.01
0.01
0.01
0.01
26.12
7.67
0.01
0.01
0.01
0.01
0.01
0.00
13.62
20.35
0.01
0.01
0.01
0.01
0.03
0.01
0.06
0.01
41.61
28.59
19.92
44.03
14.87
41.23
29.27
25.52
34.90
14.59
0.01
0.01
21.27
38.14
0.01
0.01
0.01
0.01
0.01
0.01
0.01
0.01
0.01
0.01
0.01
0.01
0.01
0.01
0.01
0.01
0.01
0.01
0.01
0.02
0.02
0.01
23.98
19.74
15.91
12.40
31.30
22.51
28.79
25.79
16.87
28.66
0.01
0.01
9.53
4.13
0.01
0.01
0.13
40.49
0.01
0.01
26.05
46.82
27.45
31.16
0.01
0.01
0.01
0.01
0.01
0.01
16.14
38.98
42.59
29.94
18.68
21.58
0.03
0.01
0.02
0.01
0.01
0.03
0.01
0.01
24.09
36.65
0.01
0.01
0.01
0.01
0.01
0.01
36.04	198.58
20.31
0.01
0.01
0.01
0.01
0.01
0.01
4.31
6.04
0.01
0.01
35.76
15.59
0.01
0.01
33.24
9.63
0.01
0.01
6.01
58.53
0.01
0.02
44.59
20.66
54.12
12.51
0.01
0.01
33.86
24.02
32.38
25.27
33.94
45.88
19.54
18.21
0.01
0.01
0.00
0.01
0.01
0.02
0.01
0.01
17.97
23.30
0.01
0.01
0.01
0.01
0.01
0.01
26.43
20.71
8.60
73.33
23.60
42.24
11.04
4.11
0.01
0.01
30.32
43.73
0.01
0.01
34.34
32.64
0.01
0.01
0.01
0.01
13.16
53.33
0.01
0.01
4.17
75.81
32.59
12.41
0.01
0.01
0.01
0.01
0.01
0.01
0.01
0.01
0.01
0.01
0.01
0.01
0.01
0.01
0.06
0.01
22.68
17.53
0.01
0.01
0.01
0.01
7.15
2.90
0.01
0.01
26.86
38.62
46.60
13.05
15.67
30.66
0.01
0.01
3.47
22.38
76.08
4.21
0.01
0.01
0.01
0.01
0.01
0.01
16.44
2.95
77.75
2.96
23.21
34.27
18.29
29.92
68.07
3.09
0.01
0.01
0.01
0.01
0.01
0.01
0.01
0.00
37.65
23.78
20.68
21.30
0.00
77.95
0.01
0.01
0.01
0.01
0.01
0.01
0.01
0.01
0.01
0.01
44.72
7.58
39.79
20.79
2.92
2.96
39.50
18.78
6.06
2.88
0.01
0.01
0.01
0.01
0.01
0.01
0.01
0.01
0.01
0.01
0.01
0.02
0.01
0.01
0.01
0.02
0.01
0.01
0.01
0.01
30.99
28.00
53.25
13.86
0.01
0.01
0.00
33.40
0.01
0.01
0.01
0.01
3.04
66.23
0.01
0.01
0.01
0.01
9.42
59.57
0.01
0.01
0.01
0.01
57.37
6.49
0.01
0.01
0.01
0.01
40.97
11.98
0.01
0.01
43.62
27.37
0.02
0.01
0.01
0.01
0.02
0.01
0.01
0.01
0.01
0.01
10.05
34.28
0.01
0.01
36.79
13.05
17.83
18.35
0.01
0.02
0.01
0.02
0.01
0.01
27.29
31.92
0.01
0.01
10.65
0.17
Busy%	PkgWatt
11.62	421.06
37.75	222.73
29.81
0.00
0.01
15.89
39.88
0.01
0.01
28.20
7.96
0.01
0.01
21.37
22.23
7.03
46.86
66.20
8.22
0.01
0.01
0.02
0.01
0.01
0.01
0.01
0.01
0.01
0.01
28.92
47.66
25.73
37.55
17.15
34.06
0.01
0.01
0.01
0.01
29.84
29.30
23.86
41.96
30.35
29.95
3.04
60.81
15.18
37.23
0.01
0.02
29.59
36.83
0.01
0.01
0.01
0.01
36.50
3.84
0.01
0.01
0.01
0.01
32.52
4.13
17.37
43.35
17.23
37.46
15.74
63.23
0.01
0.01
0.01
0.01
0.02
0.01
0.01
0.01
7.13
58.58
21.30
43.50
17.53
54.09
0.01
0.01
0.01
0.01
13.75
48.63
34.37
5.86
0.02
0.02
31.86
7.85
3.05
74.63
20.13
31.94
18.73
9.57
0.05
0.01
15.36
61.57
0.01
0.01
0.01
0.02
0.01
0.01
0.01
0.01
0.01
0.01
0.01
0.01
0.01
0.01
0.01
0.01
12.52
30.12
36.48
26.14
9.00
27.48
0.01
0.01
0.01
0.01
0.01
0.01
0.01
0.01
0.02
0.01
0.01
0.01
17.57
31.52
0.01
0.01
0.02
0.01
0.01
0.01
0.01
0.01
32.28
35.12
0.01
0.02
0.01
0.01
0.01
0.01
6.27
35.36
0.01
0.01
0.02
0.01
0.02
0.01
0.03
0.02
35.69
31.51
21.10
16.23
29.93
36.39
4.96
37.06
20.62
30.85
0.01
0.01
29.55
39.61
0.01
0.01
0.01
0.01
0.01
0.01
0.01
0.01
0.01
0.01
0.01
0.01
0.01
0.01
0.01
0.01
0.01
0.01
0.01
0.00
0.01
0.01
15.24
59.45
13.35
44.95
16.52
36.34
8.61
43.92
16.24
59.73
0.01
0.02
17.57
31.66
0.01
0.01
46.35
32.44
0.01
0.01
10.26
49.56
21.68
39.99
0.01
0.01
0.01
0.01
0.01
0.01
2.79
25.44
22.41
39.20
20.65
33.49
0.02
0.01
0.01
0.01
0.01
0.01
0.01
0.01
30.22
31.27
0.01
0.01
0.01
0.01
0.01
0.01
20.09	198.52
25.26
0.01
0.01
0.01
0.01
0.01
0.01
39.47
21.97
0.01
0.01
18.82
24.27
0.01
0.01
52.29
9.29
0.01
0.02
34.39
27.25
0.01
0.03
29.96
26.63
24.70
28.85
0.01
0.02
15.99
18.33
30.30
31.27
13.34
24.09
22.23
45.36
0.02
0.01
0.01
0.01
0.01
0.01
0.01
0.01
11.62
54.31
0.01
0.01
0.01
0.01
0.01
0.01
36.79
26.49
28.82
4.14
21.58
54.00
3.79
33.36
0.01
0.01
27.40
38.20
0.01
0.02
12.33
67.75
0.01
0.01
0.01
0.01
8.72
28.04
0.01
0.01
7.42
28.29
33.34
28.89
0.01
0.01
0.01
0.01
0.01
0.01
0.01
0.01
0.01
0.01
0.01
0.01
0.01
0.01
0.07
0.05
19.52
20.50
0.01
0.01
0.02
0.01
6.54
40.40
0.02
0.02
28.21
29.90
9.79
23.71
22.03
34.38
0.01
0.01
73.17
7.30
6.78
14.88
0.01
0.01
0.01
0.01
0.02
0.01
40.40
2.87
14.52
21.77
12.35
27.77
19.24
40.45
28.60
41.75
0.01
0.01
0.01
0.01
0.01
0.01
0.01
0.01
37.55
24.14
6.83
35.17
41.86
4.06
0.01
0.01
0.01
0.01
0.01
0.01
0.01
0.01
0.01
0.01
3.43
54.08
31.36
26.19
16.42
24.22
27.56
13.75
13.84
21.80
0.01
0.01
0.01
0.01
0.01
0.01
0.01
0.01
0.01
0.01
0.01
0.01
0.03
0.35
0.01
0.13
2.92
0.03
0.04
13.73
8.03
27.37
4.07
37.77
0.01
0.01
17.39
37.00
0.01
0.01
0.01
0.01
17.76
40.75
0.02
0.01
0.01
0.01
27.36
6.70
0.01
0.01
0.01
0.01
20.41
37.73
0.01
0.01
0.01
0.01
21.60
34.31
0.01
0.01
21.53
47.87
0.01
0.01
0.01
0.01
0.01
0.01
0.01
0.01
0.01
0.01
14.72
34.86
0.01
0.01
23.86
22.87
20.18
39.42
0.01
0.01
0.01
0.01
0.01
0.01
9.38
24.11
0.01
0.01
26.95
49.75
Busy%	PkgWatt
11.96	424.93
31.69	219.86
33.79
0.01
0.01
16.94
30.19
0.01
0.01
12.78
24.40
0.01
0.01
0.01
80.08
16.13
23.54
21.73
44.47
0.01
0.01
0.01
0.01
0.01
0.01
0.01
0.01
0.01
0.01
14.95
36.99
46.42
16.54
25.61
24.85
0.01
0.01
0.01
0.01
28.08
27.85
0.01
0.01
21.30
30.79
23.19
27.65
8.86
0.15
0.01
0.02
55.81
17.83
0.01
0.01
0.01
0.01
37.90
16.06
0.01
0.01
0.01
0.01
32.98
16.47
9.70
28.83
26.25
20.04
17.93
39.47
0.01
0.01
0.01
0.01
0.01
0.01
0.01
0.01
35.50
30.42
56.08
25.88
33.21
14.52
0.01
0.01
0.01
0.01
5.86
43.91
36.85
16.09
0.01
0.01
27.62
25.25
26.52
10.36
8.83
6.41
62.01
15.86
0.01
0.01
23.00
30.79
0.01
0.01
0.04
0.01
0.01
0.01
0.01
0.01
0.01
0.01
0.01
0.01
0.01
0.01
0.01
0.01
5.77
41.12
15.07
22.71
26.54
13.69
0.01
0.01
0.01
0.01
0.01
0.01
0.01
0.01
0.01
0.01
0.01
0.01
70.50
10.68
0.01
0.01
0.01
0.01
0.01
0.01
0.01
0.01
78.75
1.32
0.01
0.01
0.01
0.01
0.01
0.01
9.17
62.55
0.01
0.01
0.01
0.01
0.03
0.01
0.03
0.01
32.97
34.20
19.47
48.16
6.28
54.31
17.16
37.88
41.64
7.81
0.01
0.01
32.07
26.71
0.01
0.01
0.01
0.01
0.01
0.01
0.01
0.01
0.01
0.01
0.01
0.01
0.01
0.01
0.01
0.01
0.01
0.01
0.01
0.00
0.01
0.01
31.16
22.58
23.78
29.28
10.67
52.98
28.42
29.14
30.13
29.51
0.01
0.01
42.06
16.88
0.01
0.01
40.37
6.28
0.02
0.01
38.93
25.94
32.46
35.58
0.01
0.02
0.01
0.01
0.01
0.01
22.11
43.15
30.47
30.56
35.56
20.81
0.02
0.01
0.03
0.01
0.01
0.01
0.01
0.01
36.40
23.19
0.02
0.01
0.01
0.01
0.01
0.01
19.70	204.88
26.29
0.02
0.01
0.01
0.01
0.01
0.01
44.52
22.63
0.01
0.02
45.23
27.80
0.01
0.01
17.94
25.94
0.01
0.01
75.85
0.11
0.01
0.02
82.28
3.01
38.44
22.81
0.02
0.01
29.58
0.20
44.09
33.25
0.80
0.10
23.59
26.86
0.00
0.01
0.01
0.01
0.01
0.01
0.01
0.01
35.56
30.20
0.01
0.02
0.01
0.01
0.01
0.01
3.21
2.84
28.27
23.68
37.52
17.16
27.00
24.61
0.01
0.01
10.20
28.49
0.02
0.01
30.05
5.22
0.01
0.01
0.01
0.01
38.46
30.79
0.01
0.01
18.17
43.16
72.09
1.87
0.01
0.01
0.01
0.01
0.01
0.01
0.01
0.01
0.01
0.01
0.01
0.01
0.02
0.01
0.04
0.01
41.82
11.53
0.01
0.01
0.01
0.01
5.92
17.75
0.01
0.01
24.96
19.54
45.11
0.12
40.48
23.26
0.01
0.01
44.47
37.18
47.16
23.96
0.00
0.01
0.01
0.01
0.01
0.01
16.51
54.25
24.67
51.37
27.97
18.83
34.35
33.40
37.95
28.35
0.01
0.01
0.01
0.01
0.01
0.01
0.01
0.01
32.40
31.04
36.18
34.12
38.75
28.80
0.01
0.01
0.01
0.01
0.01
0.01
0.02
0.01
0.01
0.01
19.28
60.93
28.33
27.92
41.53
27.99
40.88
25.39
21.30
29.13
0.01
0.01
0.01
0.01
0.01
0.02
0.01
0.01
0.01
0.01
0.01
0.01
0.01
0.00
0.01
0.01
0.01
0.01
0.01
0.01
40.01
22.61
20.51
19.51
0.01
0.01
25.36
24.84
0.01
0.01
0.01
0.01
31.02
24.10
0.01
0.01
0.01
0.01
20.76
27.82
0.01
0.01
0.01
0.01
51.25
15.56
0.01
0.01
0.01
0.01
16.85
23.11
0.01
0.01
34.48
19.41
0.01
0.01
0.01
0.01
0.01
0.01
0.01
0.01
0.01
0.01
16.08
62.43
0.01
0.02
43.22
18.54
34.13
37.90
0.01
0.00
0.01
0.01
0.01
0.01
54.46
9.64
0.01
0.01
32.24
34.01
Busy%	PkgWatt
12.30	428.18
35.17	220.47
24.12
0.01
0.01
35.11
11.80
0.01
0.01
17.78
56.77
0.01
0.01
6.73
35.40
33.76
17.29
46.22
11.25
0.01
0.01
0.01
0.01
0.01
0.01
0.01
0.01
0.01
0.01
0.09
68.07
52.05
7.37
51.05
8.70
0.01
0.01
0.01
0.01
60.32
15.55
0.01
0.01
32.56
14.00
13.08
9.47
13.03
10.95
0.01
0.01
31.04
27.80
0.01
0.01
0.01
0.01
20.99
60.19
0.01
0.01
0.01
0.01
24.31
7.44
23.84
9.96
58.12
20.95
12.89
65.02
0.01
0.01
0.01
0.01
0.02
0.01
0.01
0.01
15.99
15.04
6.45
60.99
44.54
11.10
0.01
0.01
0.01
0.01
41.83
15.31
38.11
9.59
0.01
0.01
45.87
16.00
40.13
13.97
15.01
14.05
40.29
28.51
0.02
0.01
32.03
16.14
0.01
0.01
0.01
0.01
0.01
0.01
0.01
0.01
0.01
0.03
0.01
0.01
0.01
0.01
0.01
0.01
47.46
26.35
30.57
16.43
41.40
11.57
0.01
0.01
0.01
0.01
0.01
0.01
0.01
0.01
0.01
0.01
0.01
0.01
42.77
11.50
0.01
0.01
0.01
0.01
0.01
0.01
0.01
0.01
79.61
4.16
0.01
0.02
0.01
0.01
0.01
0.01
46.40
3.97
0.01
0.01
0.01
0.01
0.02
0.01
0.03
0.01
57.43
12.02
0.01
84.89
35.29
10.55
47.06
18.25
44.23
18.91
0.01
0.01
32.34
23.61
0.01
0.01
0.01
0.01
0.01
0.01
0.01
0.01
0.01
0.01
0.01
0.01
0.01
0.01
0.01
0.01
0.01
0.01
0.01
0.00
0.01
0.01
46.35
7.16
62.84
16.03
36.52
10.87
44.63
16.79
29.28
17.31
0.01
0.01
3.14
10.28
0.01
0.01
22.90
60.21
0.01
0.01
17.32
27.05
38.07
25.20
0.01
0.01
0.02
0.01
0.01
0.01
25.40
26.96
17.27
41.83
67.23
4.20
0.02
0.01
0.01
0.01
0.02
0.01
0.01
0.01
47.14
12.42
0.01
0.01
0.01
0.01
0.01
0.01
68.21	207.88
3.73
0.01
0.01
0.01
0.01
0.01
0.01
45.27
30.54
0.01
0.01
40.43
14.99
0.01
0.01
17.17
42.26
0.01
0.01
25.86
56.03
0.01
0.02
18.71
30.97
24.17
44.44
0.01
0.01
22.23
45.63
60.52
11.76
57.64
14.49
31.02
10.26
0.01
0.01
0.03
0.01
0.02
0.01
0.01
0.01
27.41
46.25
0.01
0.01
0.01
0.01
0.01
0.01
15.59
35.79
20.34
44.43
13.30
50.89
42.74
12.63
0.01
0.01
22.97
4.02
0.01
0.01
56.42
12.46
0.01
0.01
0.01
0.01
53.28
11.94
0.01
0.01
0.04
27.25
28.67
35.53
0.01
0.01
0.01
0.01
0.01
0.01
0.01
0.01
0.01
0.01
0.01
0.01
0.01
0.01
0.07
0.01
31.57
32.11
0.02
0.01
0.01
0.01
68.47
7.03
0.02
0.01
23.68
55.86
22.36
38.21
24.45
34.69
0.01
0.01
20.19
40.97
13.32
62.38
0.01
0.01
0.01
0.01
0.01
0.01
6.15
41.10
54.95
15.93
0.09
42.69
59.25
18.20
75.27
10.56
0.01
0.01
0.01
0.01
0.01
0.01
0.01
0.01
22.73
26.63
21.75
37.31
8.46
58.37
0.01
0.01
0.01
0.01
0.01
0.01
0.01
0.01
0.01
0.01
12.00
30.73
18.18
32.78
61.19
9.63
7.51
38.62
14.22
41.59
0.01
0.01
0.01
0.01
0.01
0.01
0.01
0.01
0.01
0.01
0.01
0.01
0.01
0.02
0.01
0.01
0.01
0.01
0.01
0.01
64.71
13.55
31.99
24.20
0.02
0.01
39.70
18.57
0.01
0.01
0.01
0.01
32.78
28.40
0.01
0.01
0.01
0.01
6.20
38.80
0.01
0.01
0.01
0.01
18.62
36.12
0.01
0.01
0.02
0.01
20.94
35.51
0.01
0.01
9.48
62.21
0.01
0.01
0.01
0.01
0.01
0.01
0.01
0.01
0.01
0.01
20.78
6.15
0.01
0.01
59.22
9.31
7.54
36.04
0.01
0.01
0.01
0.01
0.01
0.01
20.13
7.01
0.01
0.01
45.64
26.97
Busy%	PkgWatt
12.28	428.71
30.36	224.35
43.42
0.01
0.01
9.01
70.02
0.01
0.01
23.96
50.08
0.01
0.01
24.10
47.64
22.25
51.31
12.91
43.89
0.01
0.01
0.01
0.01
0.01
0.01
0.01
0.01
0.01
0.02
19.59
34.76
4.02
70.80
67.07
12.42
0.01
0.01
0.01
0.01
9.05
32.97
0.01
0.01
25.81
23.44
5.07
68.79
64.25
6.39
0.01
0.01
28.51
24.54
0.01
0.01
0.01
0.01
64.16
14.18
0.01
0.01
0.01
0.01
18.85
11.72
18.80
39.06
15.32
0.26
67.12
7.95
0.01
0.01
0.01
0.01
0.01
0.01
0.01
0.01
22.44
34.59
17.97
31.85
19.11
22.09
0.01
0.01
0.01
0.02
35.90
24.78
22.37
38.76
0.01
0.01
21.62
40.00
17.24
49.83
29.33
29.72
33.63
25.03
0.01
0.01
15.32
43.13
0.01
0.01
0.04
0.01
0.01
0.05
0.01
0.01
0.01
0.01
0.01
0.01
0.01
0.01
0.01
0.01
23.36
36.34
69.38
0.29
58.59
13.62
0.01
0.01
0.01
0.02
0.01
0.01
0.01
0.01
0.01
0.01
0.01
0.02
12.96
24.77
0.01
0.02
0.01
0.01
0.01
0.01
0.01
0.01
84.00
4.84
0.01
0.01
0.01
0.01
0.01
0.01
36.63
19.75
0.01
0.01
0.01
0.01
0.02
0.01
0.06
0.01
44.13
20.09
17.80
11.43
38.14
20.04
36.68
20.46
4.15
36.50
0.01
0.01
3.91
80.94
0.01
0.01
0.01
0.01
0.01
0.01
0.01
0.01
0.01
0.01
0.01
0.01
0.01
0.01
0.01
0.01
0.01
0.01
0.01
0.01
0.01
0.01
28.49
37.97
36.17
29.59
3.20
58.56
21.73
29.95
23.53
29.42
0.01
0.01
19.78
21.53
0.01
0.01
0.23
76.59
0.01
0.01
26.89
32.68
27.14
33.19
0.01
0.01
0.01
0.01
0.01
0.01
26.31
38.51
9.52
27.39
30.08
11.02
0.02
0.01
0.02
0.01
0.01
0.01
0.01
0.01
34.21
28.02
0.02
0.01
0.01
0.01
0.01
0.01
23.35	204.20
27.73
0.01
0.01
0.01
0.01
0.01
0.01
3.96
19.19
0.01
0.01
28.29
26.97
0.01
0.01
35.19
32.33
0.01
0.01
24.07
0.10
0.01
0.06
3.06
11.45
28.89
43.52
0.01
0.01
28.31
0.21
44.94
22.59
38.18
42.23
15.27
25.42
0.01
0.02
0.00
0.01
0.01
0.01
0.00
0.01
53.81
7.15
0.02
0.01
0.01
0.01
0.01
0.01
36.79
39.01
34.41
25.86
49.24
20.14
46.42
13.46
0.01
0.01
9.60
36.37
0.01
0.00
22.01
7.59
0.01
0.00
0.01
0.01
23.59
19.54
0.01
0.01
19.70
51.79
41.00
30.64
0.01
0.01
0.01
0.01
0.01
0.01
0.01
0.01
0.01
0.01
0.01
0.01
18.65
26.26
5.07
7.42
11.11
52.94
0.01
0.01
0.01
0.01
20.28
58.98
0.01
0.01
74.58
4.85
33.07
39.78
19.01
65.27
0.02
0.01
22.41
25.24
66.61
16.34
0.01
0.01
0.01
0.01
0.01
0.01
18.11
59.99
31.48
18.32
44.90
15.43
71.42
8.99
23.69
37.68
0.01
0.01
0.01
0.01
0.01
0.01
0.01
0.01
17.28
7.52
70.31
8.71
8.34
70.91
0.01
0.01
0.01
0.01
0.01
0.01
0.01
0.01
0.01
0.01
19.76
17.50
42.66
21.27
27.17
21.47
33.01
15.79
34.77
18.80
0.01
0.01
0.01
0.01
0.01
0.01
0.01
0.01
0.01
0.01
0.01
0.02
0.01
0.01
0.06
0.01
0.01
0.02
0.01
0.01
50.14
29.36
17.85
34.57
0.01
0.01
18.42
4.72
0.01
0.02
0.01
0.01
33.97
17.22
0.01
0.01
0.01
0.01
28.54
10.05
0.01
0.01
0.01
0.01
53.59
18.17
0.01
0.01
0.01
0.01
35.27
15.70
0.01
0.01
33.52
23.15
0.01
0.01
0.01
0.01
0.01
0.01
0.01
0.01
0.01
0.01
26.62
15.67
0.01
0.01
13.49
28.46
8.25
28.65
0.01
0.01
0.01
0.01
0.01
0.01
13.13
0.00
0.01
0.00
42.63
19.87
Busy%	PkgWatt
12.91	435.31
28.27	224.63
24.39
0.01
0.01
26.56
25.82
0.01
0.01
13.50
19.47
0.01
0.01
38.94
27.92
26.10
32.74
17.56
40.33
0.01
0.01
0.01
0.01
0.01
0.01
0.01
0.01
0.02
0.01
8.17
74.72
39.02
9.86
37.04
39.39
0.01
0.01
0.01
0.02
45.92
16.84
0.01
0.01
50.86
6.47
39.62
16.68
35.66
25.18
0.01
0.01
0.19
11.65
0.01
0.01
0.01
0.01
47.66
24.58
0.01
0.01
0.01
0.01
19.92
47.19
33.21
27.45
29.82
21.84
45.48
28.06
0.01
0.01
0.01
0.01
0.01
0.01
0.01
0.01
48.37
15.47
43.43
12.56
27.86
28.11
0.01
0.01
0.01
0.01
4.82
60.79
38.50
18.87
0.02
0.02
58.34
26.62
14.72
28.45
35.21
35.58
42.69
21.92
0.01
0.01
21.76
46.30
0.01
0.01
0.02
0.01
0.01
0.02
0.01
0.01
0.01
0.01
0.01
0.01
0.01
0.01
0.01
0.01
34.57
17.09
49.11
13.06
72.32
10.71
0.01
0.01
0.01
0.01
0.01
0.01
0.01
0.01
0.01
0.01
0.01
0.01
14.33
26.71
0.01
0.01
0.01
0.01
0.01
0.01
0.01
0.01
38.17
27.33
0.01
0.01
0.01
0.01
0.01
0.01
19.41
29.73
0.01
0.01
0.02
0.01
0.01
0.01
0.04
0.01
40.96
14.83
72.35
5.55
57.66
7.99
38.18
12.32
45.70
9.74
0.01
0.01
54.66
9.50
0.01
0.01
0.01
0.01
0.01
0.01
0.01
0.01
0.01
0.01
0.01
0.01
0.01
0.01
0.01
0.01
0.01
0.01
0.01
0.01
0.01
0.01
35.15
20.80
37.18
28.17
27.49
19.26
44.41
23.67
24.03
50.08
0.01
0.02
26.99
24.48
0.01
0.01
24.28
11.09
0.01
0.01
0.10
87.30
37.50
10.71
0.01
0.01
0.01
0.01
0.01
0.01
44.63
17.20
41.23
15.93
35.14
21.49
0.02
0.01
0.01
0.01
0.01
0.01
0.01
0.01
44.98
24.45
0.01
0.01
0.01
0.01
0.01
0.01
50.13	210.67
17.68
0.01
0.01
0.01
0.01
0.01
0.01
47.24
25.16
0.01
0.01
13.82
18.27
0.01
0.01
37.10
15.99
0.01
0.01
28.07
32.26
0.01
0.02
29.62
18.83
18.24
25.84
0.01
0.01
15.53
42.55
35.27
26.92
27.29
15.18
37.06
32.11
0.01
0.01
0.01
0.01
0.01
0.01
0.01
0.01
35.18
35.17
0.01
0.01
0.01
0.01
0.01
0.01
33.92
32.41
29.69
8.93
53.57
19.24
21.94
3.76
0.01
0.01
65.84
11.02
0.01
0.01
40.18
28.29
0.01
0.01
0.01
0.01
46.23
2.01
0.01
0.01
32.78
12.18
31.79
29.28
0.01
0.01
0.01
0.01
0.01
0.01
0.01
0.01
0.01
0.01
0.01
0.01
44.38
16.27
27.42
18.45
0.01
0.01
0.01
0.01
0.01
0.01
44.64
15.05
0.01
0.02
39.16
20.25
48.94
27.33
51.49
17.32
0.01
0.01
49.25
29.65
45.02
25.65
0.01
0.01
0.01
0.01
0.01
0.01
24.15
51.71
0.00
84.98
61.81
7.90
30.65
34.26
54.25
20.60
0.01
0.01
0.01
0.01
0.01
0.01
0.01
0.01
15.75
50.53
21.57
31.43
22.49
37.47
0.01
0.01
0.01
0.01
0.01
0.01
0.01
0.01
0.01
0.01
32.28
37.17
47.16
23.53
19.92
40.02
28.94
17.51
38.19
27.72
0.01
0.01
0.01
0.01
0.01
0.01
0.02
0.01
0.01
0.01
0.02
0.01
0.01
0.01
0.01
0.01
0.01
0.01
0.01
0.01
76.64
3.14
49.87
19.33
0.01
0.01
66.66
3.23
0.01
0.01
0.01
0.01
67.01
3.17
0.01
0.01
0.01
0.01
27.34
36.16
0.01
0.01
0.01
0.01
23.50
31.26
0.01
0.01
0.01
0.01
9.03
59.09
0.01
0.01
3.56
32.53
0.01
0.01
0.01
0.01
0.01
0.01
0.01
0.01
0.01
0.01
22.04
19.10
0.01
0.01
37.90
18.73
34.77
20.25
0.01
0.01
0.02
0.01
0.02
0.01
75.39
6.16
0.01
0.01
32.94
30.55
Busy%	PkgWatt
12.31	438.05
52.32	225.62
10.81
0.01
0.01
30.56
22.80
0.01
0.02
7.71
44.52
0.01
0.01
7.30
41.13
19.23
8.82
9.69
28.79
0.01
0.01
0.01
0.01
0.01
0.01
0.01
0.01
0.01
0.01
8.76
68.41
42.85
24.78
36.41
25.76
0.02
0.01
0.02
0.01
4.40
53.81
0.02
0.01
11.02
51.39
2.82
28.06
11.48
71.14
0.01
0.02
5.85
51.71
0.01
0.01
0.01
0.01
1.67
41.62
0.01
0.01
0.02
0.01
8.74
46.09
3.32
76.94
3.25
56.95
6.94
48.88
0.01
0.01
0.02
0.01
0.01
0.01
0.01
0.01
12.67
47.43
15.92
35.34
14.87
48.63
0.02
0.01
0.01
0.01
35.38
18.72
22.40
33.97
0.01
0.01
32.35
23.82
1.82
53.36
1.33
41.71
9.41
65.69
0.02
0.01
3.83
46.67
0.01
0.01
0.05
0.01
0.02
0.05
0.02
0.01
0.02
0.01
0.02
0.01
0.01
0.01
0.01
0.01
65.70
6.59
16.59
40.37
13.64
43.82
0.01
0.01
0.01
0.01
0.01
0.01
0.01
0.01
0.01
0.01
0.01
0.01
7.76
55.21
0.01
0.01
0.01
0.01
0.01
0.01
0.01
0.01
9.69
40.12
0.01
0.01
0.01
0.01
0.01
0.01
30.98
27.83
0.01
0.01
0.01
0.01
0.01
0.01
0.05
0.01
10.50
46.80
18.90
50.79
10.68
47.97
8.20
25.27
9.23
36.92
0.01
0.01
15.64
54.24
0.01
0.01
0.01
0.01
0.01
0.01
0.01
0.01
0.01
0.01
0.01
0.01
0.01
0.01
0.01
0.01
0.02
0.01
0.01
0.01
0.01
0.01
14.57
6.60
8.11
39.70
12.84
27.31
12.00
28.67
10.01
41.24
0.01
0.01
11.48
38.32
0.01
0.02
22.05
32.88
0.01
0.01
29.65
23.75
10.02
53.02
0.01
0.02
0.01
0.01
0.01
0.01
12.39
22.32
1.21
40.76
25.91
29.92
0.02
0.01
0.02
0.01
0.01
0.01
0.01
0.01
14.11
68.81
0.02
0.01
0.02
0.01
0.01
0.01
11.96	213.52
59.95
0.01
0.01
0.01
0.01
0.01
0.01
27.32
47.57
0.01
0.01
28.81
39.66
0.01
0.03
17.37
52.21
0.01
0.01
0.03
17.25
0.01
0.09
18.77
44.03
0.09
55.10
0.01
0.01
21.87
42.84
26.77
48.00
68.26
17.17
23.14
49.35
0.01
0.01
0.01
0.01
0.01
0.01
0.01
0.01
20.60
57.17
0.01
0.01
0.01
0.01
0.01
0.01
23.53
48.05
12.79
14.67
24.18
32.68
19.51
47.92
0.01
0.01
36.59
34.19
0.01
0.02
29.98
43.61
0.01
0.01
0.01
0.01
23.81
34.29
0.01
0.01
17.02
42.09
32.14
34.08
0.01
0.01
0.01
0.01
0.01
0.01
0.01
0.01
0.01
0.01
0.01
0.01
38.27
43.58
5.64
6.34
0.01
0.01
0.01
0.01
0.01
0.01
21.54
38.64
0.01
0.01
21.78
49.12
22.49
6.40
15.45
14.78
0.01
0.01
7.33
62.46
20.96
46.96
0.01
0.01
0.01
0.01
0.01
0.01
6.32
38.76
12.94
29.05
25.63
32.87
28.77
51.28
24.66
60.99
0.01
0.01
0.01
0.01
0.01
0.01
0.01
0.01
18.03
42.82
22.10
46.46
37.31
39.73
75.23
2.85
0.02
0.01
0.01
0.01
0.02
0.01
0.01
0.01
16.01
38.23
12.48
35.97
3.23
18.98
32.48
9.15
16.91
42.15
0.01
0.01
0.01
0.05
0.01
0.02
0.05
0.01
0.01
0.01
0.01
0.01
0.02
0.02
0.01
0.01
0.01
0.01
0.02
0.01
6.22
17.19
11.51
34.47
0.02
0.01
0.01
51.26
0.01
0.01
0.01
0.01
9.46
21.66
0.01
0.01
0.01
0.01
18.90
33.45
0.01
0.01
0.01
0.01
21.34
50.00
0.01
0.01
0.01
0.01
16.33
29.90
0.01
0.18
28.44
45.71
0.01
0.01
0.01
0.01
0.01
0.01
0.01
0.01
0.01
0.01
14.46
48.87
0.01
0.01
22.49
45.09
21.73
38.85
0.01
0.01
0.01
0.01
0.01
0.01
26.17
53.81
0.01
0.01
18.71
49.64
Busy%	PkgWatt
13.51	456.95
61.09	235.26
10.70
0.01
0.01
13.74
37.63
0.01
0.01
8.33
58.51
0.01
0.01
6.47
40.46
8.51
37.81
4.92
57.19
0.01
0.01
0.01
0.01
0.01
0.01
0.01
0.01
0.01
0.01
10.45
59.56
7.18
41.05
21.02
48.78
0.01
0.01
0.01
0.01
9.51
51.66
0.01
0.01
16.23
59.46
5.29
49.82
6.38
39.45
0.01
0.01
16.59
47.01
0.01
0.01
0.01
0.01
27.06
40.88
0.01
0.01
0.01
0.01
61.36
12.33
11.28
50.16
8.96
47.19
10.82
52.27
0.01
0.01
0.01
0.01
0.02
0.01
0.01
0.01
6.73
50.23
23.23
44.49
24.91
34.42
0.01
0.01
0.01
0.01
10.95
49.36
9.81
46.80
0.01
0.01
23.70
44.12
10.96
51.53
66.33
14.49
69.45
11.17
0.01
0.01
22.21
28.91
0.01
0.01
0.02
0.01
0.01
0.05
0.01
0.01
0.01
0.01
0.01
0.01
0.01
0.01
0.01
0.01
10.47
58.12
10.52
59.62
13.70
32.35
0.01
0.01
0.01
0.01
0.01
0.01
0.01
0.01
0.02
0.01
0.01
0.01
41.20
25.79
0.01
0.01
0.01
0.01
0.01
0.01
0.01
0.01
16.58
55.24
0.01
0.03
0.01
0.01
0.01
0.01
4.75
39.78
0.01
0.01
0.01
0.01
0.01
0.01
0.04
0.01
13.88
41.91
17.74
40.41
4.45
45.41
5.97
60.78
6.81
38.54
0.01
0.01
8.97
58.48
0.01
0.01
0.01
0.01
0.01
0.01
0.01
0.01
0.01
0.01
0.01
0.01
0.01
0.01
0.01
0.01
0.01
0.01
0.01
0.01
0.01
0.01
9.96
68.94
7.51
42.15
11.30
43.33
48.49
13.38
13.45
47.45
0.01
0.01
3.79
48.57
0.01
0.01
12.67
48.40
0.01
0.01
19.71
48.93
7.97
40.60
0.01
0.01
0.01
0.01
0.01
0.01
46.37
22.61
9.47
44.05
20.97
29.81
0.02
0.01
0.01
0.01
0.01
0.01
0.01
0.01
10.31
71.01
0.01
0.01
0.01
0.01
0.01
0.01
9.51	220.97
43.15
0.01
0.01
0.01
0.01
0.01
0.01
11.53
54.47
0.01
0.01
2.83
82.66
0.01
0.01
11.01
50.44
0.01
0.01
26.12
45.19
0.01
0.01
21.64
58.28
30.92
48.44
0.01
0.01
17.44
37.60
26.03
51.39
20.10
11.00
23.81
45.40
0.01
0.01
0.01
0.01
0.01
0.01
0.01
0.01
17.48
57.75
0.01
0.01
0.01
0.01
0.01
0.01
11.54
71.32
13.33
55.45
29.32
46.25
8.75
37.89
0.01
0.01
35.52
34.68
0.01
0.01
24.36
49.21
0.01
0.01
0.01
0.01
66.88
3.00
0.01
0.01
2.81
23.20
17.38
41.70
0.01
0.01
0.01
0.01
0.01
0.01
0.01
0.01
0.01
0.01
0.01
0.01
11.59
61.49
0.03
0.01
0.01
0.01
0.01
0.01
0.01
0.01
15.16
49.53
0.01
0.01
12.69
60.59
12.72
56.10
20.55
51.41
0.01
0.01
17.73
53.30
31.80
42.78
0.01
0.01
0.01
0.01
0.01
0.02
0.01
7.34
32.35
38.82
17.41
52.38
17.41
51.51
5.33
71.19
0.01
0.01
0.01
0.01
0.01
0.01
0.01
0.01
11.38
45.71
24.44
41.36
28.86
38.28
100.00
4.10
0.01
0.01
0.01
0.01
0.01
0.01
0.01
0.01
6.97
51.67
13.47
43.74
8.68
45.46
2.76
76.37
20.18
40.97
0.01
0.01
0.01
0.01
0.01
0.01
0.02
0.01
0.01
0.01
0.01
0.01
0.01
0.01
0.01
0.01
0.03
0.01
0.01
0.01
17.33
58.49
11.90
54.81
0.01
0.01
18.00
49.91
0.01
0.01
0.01
0.01
4.74
55.56
0.01
0.01
0.01
0.01
17.51
39.20
0.01
0.01
0.01
0.01
12.59
39.52
0.01
0.01
0.01
0.01
21.97
48.56
0.01
0.16
20.20
56.97
0.01
0.01
0.01
0.01
0.01
0.01
0.01
0.01
0.01
0.01
13.76
49.95
0.01
0.01
15.93
56.89
28.86
0.00
0.01
0.00
0.01
0.01
0.01
0.01
28.26
54.86
0.01
0.01
7.82
54.10
Busy%	PkgWatt
13.52	456.01
71.43	231.98
7.09
0.03
0.01
4.77
55.93
0.01
0.01
9.21
40.73
0.01
0.01
6.17
41.47
43.14
25.22
3.51
56.46
0.01
0.01
0.01
0.01
0.01
0.01
0.01
0.01
0.01
0.01
19.44
39.85
34.15
31.53
10.72
51.72
0.01
0.01
0.01
0.01
9.66
53.57
0.01
0.01
49.35
18.59
13.39
47.50
4.82
49.02
0.01
0.01
6.43
23.88
0.01
0.01
0.01
0.01
12.36
51.12
0.01
0.01
0.01
0.01
49.42
31.18
17.03
37.37
8.49
52.41
16.44
50.65
0.01
0.01
0.01
0.01
0.02
0.01
0.01
0.01
26.92
21.54
10.01
66.69
37.95
26.47
0.01
0.01
0.01
0.01
23.39
14.70
8.04
61.39
0.01
0.01
9.94
53.28
52.13
13.69
18.63
25.98
25.71
44.44
0.01
0.01
20.26
36.95
0.01
0.01
0.04
0.01
0.01
0.01
0.02
0.01
0.01
0.01
0.01
0.01
0.01
0.01
0.01
0.01
43.23
34.53
7.95
55.01
34.74
29.12
0.01
0.01
0.01
0.01
0.01
0.01
0.01
0.01
0.01
0.01
0.01
0.01
18.34
34.95
0.01
0.01
0.01
0.01
0.01
0.01
0.01
0.01
18.13
41.66
0.01
0.01
0.01
0.01
0.01
0.01
10.23
44.51
0.01
0.01
0.02
0.01
0.01
0.01
0.05
0.01
7.20
35.99
11.90
50.32
26.91
38.71
6.59
52.79
6.71
38.77
0.01
0.01
48.50
16.65
0.01
0.01
0.01
0.01
0.01
0.01
0.01
0.01
0.01
0.01
0.02
0.01
0.01
0.01
0.01
0.01
0.01
0.01
0.01
0.01
0.02
0.01
16.82
49.67
5.73
37.08
6.55
59.13
37.27
17.13
6.85
50.37
0.01
0.01
3.08
40.86
0.01
0.01
9.12
41.88
0.01
0.01
7.31
46.97
10.33
38.11
0.01
0.01
0.01
0.01
0.01
0.01
33.57
11.87
8.40
55.21
5.08
47.52
0.02
0.01
0.02
0.01
0.01
0.01
0.01
0.01
7.65
47.79
0.01
0.01
0.02
0.01
0.01
0.01
19.83	224.02
36.20
0.01
0.01
0.01
0.01
0.01
0.01
57.92
9.84
0.01
0.01
14.67
65.31
0.01
0.01
47.74
29.01
0.01
0.01
11.57
35.41
0.01
0.03
9.76
32.07
26.15
47.30
0.01
0.01
17.45
52.58
23.42
53.27
3.74
75.79
10.14
64.51
0.01
0.01
0.01
0.01
0.01
0.01
0.01
0.01
17.45
53.04
0.02
0.01
0.01
0.01
0.01
0.01
3.39
65.33
19.41
53.63
34.72
37.91
16.30
51.72
0.01
0.01
18.19
41.89
0.01
0.00
21.18
60.88
0.01
0.01
0.01
0.01
5.87
79.96
0.01
0.01
5.26
37.58
20.78
37.87
0.01
0.01
0.01
0.01
0.01
0.01
0.01
0.01
0.01
0.01
0.01
0.01
34.67
43.25
0.03
0.01
0.01
0.01
0.00
0.01
0.01
0.01
9.00
45.45
0.01
0.01
17.77
57.03
26.31
51.30
12.15
70.34
0.01
0.01
16.88
48.45
21.38
55.67
0.01
0.01
0.01
0.01
0.01
0.01
5.94
34.38
8.76
56.69
23.15
52.19
34.35
3.00
11.61
55.17
0.01
0.01
0.01
0.01
0.01
0.01
0.01
0.01
17.50
49.39
66.84
5.80
9.27
67.00
100.00
4.43
0.01
0.01
0.01
0.01
0.01
0.01
0.01
0.01
8.88
54.24
6.26
51.93
10.87
44.55
6.92
53.25
18.02
55.20
0.01
0.01
0.01
0.01
0.01
0.01
0.02
0.01
0.01
0.01
0.01
0.02
0.01
0.01
0.01
0.01
0.01
0.01
0.01
0.01
22.63
49.11
17.74
51.94
0.01
0.01
26.36
57.01
0.01
0.01
0.01
0.01
15.16
59.21
0.01
0.01
0.01
0.01
5.89
48.10
0.01
0.01
0.01
0.01
30.77
34.40
0.01
0.01
0.01
0.01
5.96
50.85
0.01
0.16
34.53
49.40
0.01
0.01
0.01
0.01
0.01
0.01
0.01
0.01
0.01
0.01
2.54
52.13
0.01
0.01
14.79
46.65
3.20
55.15
0.01
0.01
0.01
0.01
0.01
0.01
14.59
74.39
0.01
0.00
6.14
69.41
Busy%	PkgWatt
12.58	432.21
52.33	223.36
19.66
0.01
0.01
29.72
34.73
0.01
0.01
25.37
40.74
0.01
0.01
34.30
37.80
19.88
29.31
52.68
8.73
0.01
0.01
0.01
0.01
0.01
0.01
0.01
0.01
0.02
0.01
48.89
20.20
46.45
21.46
9.09
46.83
0.01
0.01
0.01
0.01
19.86
19.62
0.01
0.01
29.74
16.42
22.23
14.29
42.65
21.90
0.01
0.01
35.69
26.53
0.01
0.01
0.01
0.01
33.16
26.84
0.01
0.01
0.01
0.01
21.02
25.47
15.33
38.61
22.85
24.63
14.81
42.20
0.01
0.01
0.01
0.01
0.01
0.01
0.01
0.01
21.85
28.90
30.32
17.91
16.16
27.88
0.01
0.01
0.01
0.01
15.85
16.12
24.82
12.66
0.02
0.02
28.93
34.53
1.11
77.78
20.67
25.17
43.72
36.35
0.01
0.01
41.20
5.45
0.01
0.01
0.03
0.01
0.01
0.05
0.01
0.01
0.01
0.01
0.01
0.01
0.01
0.01
0.01
0.01
34.36
27.31
24.18
18.50
26.74
20.85
0.01
0.01
0.01
0.01
0.01
0.01
0.01
0.01
0.01
0.01
0.01
0.01
15.72
34.87
0.01
0.01
10.06
57.06
0.01
0.01
0.01
0.01
31.49
26.15
0.01
0.01
0.01
0.01
0.01
0.01
38.68
28.65
0.01
0.01
0.01
0.01
0.02
0.01
0.04
0.02
49.05
19.02
45.59
20.64
54.66
21.69
51.50
9.76
27.18
19.78
0.01
0.01
30.15
19.35
0.01
0.01
0.01
0.01
0.01
0.01
0.01
0.01
0.01
0.01
0.01
0.01
0.01
0.01
0.01
0.01
0.01
0.01
0.01
0.01
0.01
0.01
21.90
30.13
25.71
17.59
27.91
26.46
15.00
35.49
31.64
31.14
0.01
0.02
19.10
44.22
0.01
0.01
43.96
29.19
0.01
0.01
3.75
76.96
60.27
12.57
0.01
0.01
0.01
0.01
0.01
0.01
2.86
32.53
30.70
24.90
40.01
19.32
0.02
0.01
0.01
0.01
0.01
0.01
0.01
0.01
0.93
80.08
0.01
0.01
0.01
0.01
0.01
0.01
22.38	208.55
43.01
0.01
0.01
0.01
0.01
0.01
0.01
0.98
73.52
0.01
0.01
29.00
30.93
0.01
0.03
32.95
31.00
0.01
0.01
22.54
40.44
0.01
0.05
19.09
30.62
40.39
17.87
0.01
0.02
15.96
34.24
0.10
9.30
39.23
25.49
35.60
23.12
0.01
0.01
0.00
0.01
0.01
0.01
0.01
0.01
19.10
33.88
0.01
0.01
0.01
0.01
0.01
0.01
59.96
16.90
64.77
8.44
64.30
13.54
13.46
43.53
0.01
0.01
11.60
44.53
0.01
0.01
36.68
25.65
0.01
0.01
0.01
0.01
39.70
25.03
0.01
0.01
66.29
5.08
13.49
13.74
0.01
0.01
0.01
0.01
0.01
0.01
0.01
0.01
0.01
0.01
0.01
0.01
39.87
16.09
0.09
0.01
0.01
0.01
0.01
0.01
0.01
0.01
43.28
30.78
0.01
0.02
36.82
38.26
19.32
49.15
53.25
16.59
0.01
0.01
18.12
56.33
4.07
11.62
0.01
0.01
0.01
0.01
0.01
0.01
30.64
6.35
32.01
15.63
31.35
15.92
34.62
30.64
69.98
4.87
0.01
0.01
0.01
0.01
0.01
0.01
0.01
0.01
16.45
25.55
50.52
13.10
22.25
22.21
44.65
16.33
0.01
0.01
0.01
0.01
0.01
0.01
0.01
0.01
30.43
50.36
0.90
85.60
15.99
21.75
37.96
13.22
24.14
18.26
0.01
0.01
0.01
0.01
0.01
0.01
0.02
0.01
0.01
0.01
0.02
0.01
0.02
0.01
0.05
0.01
0.01
0.01
0.01
0.01
26.19
26.64
30.25
54.74
0.01
0.01
3.93
26.95
0.01
0.01
0.01
0.01
25.01
31.46
0.01
0.01
0.01
0.01
22.91
20.51
0.01
0.01
0.01
0.01
47.60
13.77
0.01
0.01
0.01
0.01
25.55
31.33
0.01
0.03
60.64
22.34
0.01
0.01
0.01
0.01
0.01
0.01
0.01
0.01
0.01
0.01
52.60
25.09
0.01
0.01
12.05
46.99
27.63
26.42
0.01
0.01
0.02
0.01
0.02
0.01
73.47
5.72
0.01
0.01
23.74
56.21
Busy%	PkgWatt
12.22	427.43
30.74	222.74
15.68
0.01
0.01
3.00
10.91
0.01
0.01
19.22
27.77
0.01
0.01
32.46
22.72
29.01
39.63
0.01
79.11
0.01
0.01
0.01
0.01
0.01
0.01
0.01
0.01
0.01
0.01
12.73
48.61
15.42
61.24
27.61
13.95
0.01
0.01
0.01
0.01
66.45
0.12
0.01
0.01
19.07
44.23
0.11
82.42
25.34
31.19
0.01
0.02
8.77
33.72
0.01
0.01
0.01
0.01
40.59
29.69
0.01
0.01
0.01
0.01
3.00
7.13
6.03
37.12
20.81
23.78
35.29
24.48
0.01
0.01
0.01
0.01
0.01
0.01
0.01
0.01
6.31
25.96
33.39
31.19
34.54
32.60
0.01
0.01
0.01
0.01
32.55
12.51
15.73
60.36
0.01
0.01
43.18
24.47
26.68
29.44
43.96
15.21
59.11
23.47
0.01
0.01
15.79
29.42
0.01
0.01
0.03
0.01
0.01
0.06
0.01
0.01
0.00
0.01
0.01
0.01
0.01
0.01
0.01
0.01
0.01
86.00
88.86
0.10
26.55
0.01
0.01
0.01
0.01
0.01
0.01
0.01
0.01
0.01
0.01
0.01
0.01
0.01
9.69
28.18
0.01
0.01
0.01
19.66
0.01
0.01
0.01
0.01
0.26
78.59
0.01
0.01
0.01
0.01
0.01
0.01
41.38
14.36
0.01
0.00
0.01
0.01
0.02
0.01
0.04
0.01
40.61
19.72
34.84
25.85
18.98
34.19
3.00
47.80
45.07
22.60
0.00
0.01
43.35
23.35
0.01
0.01
0.01
0.01
0.01
0.01
0.01
0.01
0.01
0.01
0.01
0.01
0.01
0.01
0.01
0.01
0.01
0.00
0.01
0.01
0.01
0.01
28.73
46.63
31.82
19.08
41.41
35.17
0.63
65.29
34.37
24.08
0.01
0.01
33.80
12.36
0.01
0.01
41.17
32.46
0.01
0.01
8.97
59.50
18.81
38.71
0.01
0.01
0.01
0.01
0.01
0.01
7.92
49.42
19.23
28.75
40.94
26.44
0.02
0.02
0.04
0.00
0.01
0.02
0.02
0.01
2.91
26.22
0.01
0.02
0.01
0.02
0.01
0.01
23.41	204.63
43.84
0.03
0.01
0.01
0.02
0.01
0.02
45.27
30.18
0.02
0.03
0.02
0.01
0.02
0.01
43.93
21.86
0.02
0.01
31.90
33.87
0.01
0.02
30.84
37.14
41.06
24.98
0.01
0.01
23.24
12.75
28.32
35.10
8.63
80.47
18.81
38.85
0.01
0.01
0.01
0.01
0.02
0.02
0.01
0.01
35.90
26.89
0.01
0.02
0.02
0.01
0.02
0.01
27.66
29.96
21.48
61.03
12.29
29.30
22.62
35.28
0.01
0.01
51.77
16.52
0.02
0.01
20.97
39.96
0.01
0.02
0.02
0.01
16.21
30.34
0.02
0.01
28.32
37.32
4.92
13.69
0.02
0.02
0.01
0.02
0.01
0.01
0.03
0.01
0.02
0.01
0.01
0.02
28.92
48.42
0.15
0.01
0.01
0.01
0.01
0.01
0.02
0.01
0.07
60.43
0.02
0.01
2.75
16.60
36.68
24.10
22.30
20.61
0.01
0.01
24.15
16.28
34.62
30.66
0.01
0.01
0.02
0.02
0.01
0.01
30.20
20.62
23.13
35.80
22.36
24.33
21.99
31.11
22.38
39.11
0.01
0.01
0.01
0.01
0.01
0.01
0.01
0.01
43.74
31.30
44.50
18.18
39.76
24.20
39.76
24.69
0.02
0.01
0.01
0.01
0.01
0.01
0.02
0.01
29.45
22.71
19.27
42.27
13.18
45.33
9.47
44.05
45.34
14.56
0.01
0.01
0.01
0.01
0.01
0.01
0.01
0.01
0.01
0.01
0.01
0.01
0.01
0.01
0.01
0.01
0.01
0.01
0.01
0.01
2.80
3.11
21.90
29.50
0.01
0.01
6.28
76.66
0.01
0.01
0.01
0.01
2.75
22.83
0.01
0.01
0.01
0.01
29.57
26.98
0.01
0.01
0.01
0.01
30.44
36.02
0.01
0.01
0.01
0.01
16.74
37.12
0.01
0.01
24.86
40.26
0.01
0.02
0.02
0.01
0.01
0.02
0.01
0.01
0.01
0.01
21.84
27.62
0.01
0.02
26.81
34.19
42.83
30.09
0.01
0.01
0.01
0.01
0.01
0.01
28.01
14.92
0.01
0.01
8.79
50.22
Busy%	PkgWatt
13.78	448.01
51.36	235.57
37.30
0.02
0.04
25.16
0.01
0.02
0.08
28.92
36.02
0.02
0.03
2.45
58.32
27.81
59.44
2.78
85.67
0.04
0.03
0.04
0.03
0.04
0.02
0.02
0.03
0.04
0.04
52.39
34.46
0.22
66.24
64.63
23.58
0.04
0.03
0.04
0.02
50.23
1.34
0.04
0.03
0.75
59.51
29.51
37.01
28.22
23.99
0.02
0.03
0.08
66.63
0.02
0.03
0.04
0.03
0.16
86.77
0.02
0.03
0.04
0.03
1.53
86.09
27.93
45.25
50.46
1.37
51.74
11.79
0.04
0.04
0.04
0.02
0.02
0.03
0.04
0.03
28.19
24.29
0.47
63.95
39.67
27.36
0.04
0.04
0.04
0.02
2.08
36.55
2.11
86.11
0.04
0.04
51.49
33.82
0.17
15.61
50.31
1.92
28.26
59.44
0.04
0.04
1.68
58.14
0.02
0.03
0.04
0.04
0.02
0.09
0.05
0.05
0.04
0.06
0.04
0.04
0.04
0.03
0.04
0.03
2.08
86.49
0.84
65.50
23.42
21.89
0.05
0.04
0.04
0.02
0.02
0.03
0.04
0.04
0.04
0.02
0.02
0.03
50.46
1.66
0.02
0.03
0.35
87.12
0.04
0.02
0.02
0.03
30.00
58.49
0.06
0.03
0.04
0.02
0.02
0.03
0.06
51.44
0.05
0.04
0.04
0.04
0.03
0.04
0.17
0.11
28.60
59.37
22.70
63.85
1.11
73.03
0.94
36.57
15.42
50.74
0.07
0.03
2.25
64.45
0.04
0.04
0.07
0.06
0.04
0.04
0.05
0.02
0.07
0.06
0.06
0.06
0.06
0.05
0.05
0.05
0.06
0.03
0.06
0.05
0.07
0.06
28.28
59.04
27.49
60.15
1.83
85.43
0.87
43.47
29.17
58.16
0.06
0.06
16.28
22.33
0.06
0.06
2.96
44.53
0.06
0.06
1.30
59.83
31.58
55.95
0.05
0.05
0.07
0.06
0.06
0.05
0.62
87.31
3.29
43.86
1.30
36.89
0.10
0.06
0.06
0.02
0.08
0.06
0.07
0.06
1.25
66.11
0.06
0.05
0.07
0.06
0.07
0.05
0.62	211.08
42.56
0.07
0.06
0.06
0.05
0.07
0.06
1.04
40.23
0.06
0.06
0.05
0.05
0.07
0.09
37.71
22.42
0.08
0.05
37.61
27.54
0.07
0.06
22.94
28.16
37.52
50.67
0.05
0.05
54.99
28.19
49.76
1.28
0.02
87.69
51.26
1.46
0.03
0.06
0.04
0.06
0.07
0.05
0.04
0.06
1.98
28.08
0.08
0.06
0.07
0.05
0.07
0.06
38.43
28.66
23.13
64.45
23.20
43.66
36.46
27.66
0.05
0.06
1.37
65.60
0.07
0.07
29.38
39.76
0.07
0.06
0.07
0.06
1.24
58.30
0.07
0.06
23.55
64.21
0.37
50.11
0.07
0.05
0.05
0.06
0.07
0.07
0.07
0.05
0.05
0.06
0.07
0.06
12.73
72.33
0.18
0.07
0.04
0.08
0.04
0.06
0.07
0.05
24.30
42.48
0.07
0.05
27.86
38.09
23.59
50.49
35.68
48.41
0.07
0.07
16.45
49.26
38.39
1.48
0.07
0.07
0.08
0.05
0.07
0.06
37.60
28.93
23.87
22.06
44.41
28.14
21.85
30.05
15.32
71.78
0.05
0.06
0.05
0.06
0.07
0.06
0.08
0.06
65.42
22.50
0.29
1.69
22.21
29.41
38.08
44.45
0.06
0.04
0.06
0.07
0.07
0.06
0.07
0.07
44.52
0.37
23.96
64.10
23.66
50.09
23.34
23.18
37.89
28.16
0.07
0.06
0.06
0.06
0.07
0.07
0.09
0.07
0.06
0.07
0.08
0.07
0.06
0.06
0.07
0.07
0.08
0.06
0.06
0.07
15.09
29.44
37.47
48.02
0.07
0.07
24.75
49.89
0.07
0.07
0.06
0.05
0.81
2.10
0.06
0.05
0.07
0.07
15.09
0.36
0.08
0.08
0.07
0.05
60.18
28.47
0.06
0.06
0.06
0.06
38.97
22.52
0.05
0.04
24.05
50.19
0.05
0.05
0.03
0.03
0.05
0.05
0.05
0.03
0.04
0.04
0.80
18.50
0.04
0.04
17.00
21.32
16.27
28.91
0.03
0.03
0.05
0.05
0.03
0.03
37.61
51.38
0.05
0.03
37.76
45.01
