30.009439 sec
Busy%	PkgWatt
10.94	411.20
0.51	217.77
0.01
10.64
19.86
19.07
25.10
19.70
25.63
22.65
17.66
0.01
0.01
0.01
0.01
0.01
0.01
16.40
17.94
0.01
0.01
0.01
0.01
23.90
11.81
27.22
16.46
0.01
0.01
30.97
18.96
20.27
13.05
28.74
29.04
0.01
0.01
21.28
21.64
19.02
23.26
21.74
21.32
21.74
12.48
0.01
0.01
0.01
0.47
0.01
0.01
32.55
25.68
0.00
0.01
16.99
14.50
19.99
26.34
25.37
18.00
0.01
0.01
2.91
2.58
14.70
16.81
20.66
29.10
0.01
0.01
22.64
20.44
0.01
0.01
39.80
20.39
0.01
0.01
0.01
0.01
26.37
16.86
0.01
0.01
21.02
12.34
21.30
18.49
25.32
24.80
0.01
0.01
18.71
21.72
21.13
16.64
25.60
26.68
10.98
15.98
0.01
0.01
0.01
0.01
14.24
21.05
22.13
16.48
0.01
0.01
15.03
26.21
23.96
24.21
0.01
0.01
0.01
0.01
0.01
0.01
23.65
17.38
25.18
24.81
19.26
15.09
23.53
17.11
21.44
22.51
0.01
0.01
0.01
0.01
18.79
19.75
8.32
7.98
23.04
21.32
0.00
0.01
0.01
0.01
0.01
0.01
0.01
0.01
0.01
0.01
22.97
27.25
0.01
0.01
25.93
21.84
0.01
0.01
0.01
0.01
0.01
0.03
0.02
0.01
0.01
0.01
0.04
0.01
0.01
0.01
25.50
21.76
5.90
5.05
0.01
0.01
28.72
16.34
14.25
13.25
0.01
0.01
0.01
0.01
0.01
0.01
20.39
21.37
17.15
15.62
16.53
8.60
21.87
19.75
30.50
23.88
0.01
0.01
0.01
0.01
14.61
12.41
0.01
0.01
23.21
25.49
17.06
16.43
21.12
12.57
25.66
19.24
5.93
4.77
33.17
15.85
27.21
19.61
0.01
0.01
29.14
24.44
23.80
21.93
12.60
2.62
15.15
25.25
22.24
20.23
0.01
0.01
0.01
0.01
0.04
0.01
20.33
33.52
0.01
0.08
0.01
0.01
0.02
0.01
37.73
23.85
0.01
0.01
17.48
19.69
27.74
26.38
36.00
17.59
29.02
22.59
25.76	192.91
12.99
0.02
0.01
0.01
0.01
0.01
0.01
30.35
12.29
0.01
0.01
32.61
23.66
32.19
7.17
13.43
1.79
0.01
0.00
28.45
17.52
0.01
0.01
25.11
23.19
0.01
0.01
0.01
0.01
0.01
0.01
16.73
19.53
13.79
28.53
16.64
16.35
0.00
0.01
0.00
0.01
0.01
0.01
0.00
0.01
15.03
18.55
22.62
22.34
15.72
18.41
0.01
0.01
21.87
28.08
22.98
30.43
24.03
12.32
9.03
17.59
31.78
21.22
23.38
17.05
0.01
0.00
18.30
20.55
0.00
0.00
15.41
18.35
25.98
15.59
25.12
15.82
18.84
11.15
0.01
0.01
21.21
15.75
15.22
21.57
11.56
14.57
0.01
0.01
0.01
0.01
0.01
0.01
0.01
0.01
35.57
18.72
19.90
18.83
21.86
28.42
0.00
0.01
0.01
0.01
9.22
25.91
19.05
17.84
0.01
0.03
25.40
21.43
0.01
0.01
26.47
22.77
0.01
0.01
16.57
19.70
0.01
0.01
0.01
0.01
0.01
0.01
28.09
19.84
0.01
0.01
25.79
30.35
20.02
21.63
0.01
0.01
0.01
0.01
0.01
0.01
16.04
19.78
0.01
0.01
0.01
0.01
32.02
18.01
0.01
0.01
17.09
12.91
0.01
0.01
0.01
0.01
0.01
0.00
0.01
0.01
27.49
23.72
21.80
23.51
22.82
22.73
29.21
20.13
0.01
0.01
19.70
9.53
0.01
0.01
0.01
0.01
0.01
0.01
0.01
0.01
17.66
18.02
22.92
27.32
0.01
0.11
8.59
8.72
0.01
0.01
32.52
16.34
18.21
19.98
18.53
15.26
0.01
0.01
0.00
0.01
14.39
16.24
0.01
0.01
0.01
0.01
27.06
26.22
0.01
0.01
0.01
0.00
18.27
9.49
4.86
4.78
0.01
0.01
22.43
18.65
20.87
16.25
24.42
27.30
33.01
20.19
0.01
0.01
24.09
20.93
0.01
0.01
0.01
0.01
28.77
16.61
0.01
0.01
16.59
18.81
0.01
0.01
0.01
0.01
0.01
0.01
15.03
24.15
33.27
13.39
0.01
0.00
0.01
0.01
