Busy%	PkgWatt
12.38	442.96
39.28	225.81
31.75
27.06
58.14
29.69
23.27
3.13
27.73
9.08
6.46
0.01
0.01
28.89
43.53
52.91
0.14
25.77
30.18
0.01
0.01
0.01
0.01
0.01
0.01
28.04
26.59
72.24
11.20
29.71
27.32
0.01
0.01
27.87
8.93
0.01
0.01
0.01
0.01
17.69
28.31
6.21
39.43
22.25
32.71
17.95
26.25
0.01
0.01
0.01
0.04
25.48
30.65
0.01
0.01
0.01
0.01
31.56
31.25
0.01
0.02
0.01
0.01
34.16
33.94
15.96
24.65
25.35
24.39
21.39
52.26
0.01
0.01
0.01
0.01
0.03
0.01
0.01
0.01
13.62
36.75
12.77
0.17
33.86
17.13
0.01
0.01
36.59
33.60
44.84
14.17
32.74
21.33
0.01
0.01
34.27
28.60
9.46
32.98
19.26
40.52
63.23
10.64
0.01
0.01
6.47
39.76
0.01
0.01
0.02
0.01
0.01
0.01
0.01
0.01
0.01
0.01
0.01
0.01
0.01
0.01
0.01
0.01
57.34
8.70
37.56
24.36
39.99
21.90
0.01
0.01
0.01
0.01
0.01
0.01
0.01
0.01
0.29
0.01
0.01
0.01
0.00
2.16
0.01
0.01
0.01
0.01
0.01
0.01
0.01
0.01
31.23
19.68
0.01
0.01
0.01
0.01
0.01
0.01
43.73
23.78
0.01
0.01
0.01
0.01
0.01
0.01
0.03
0.01
29.42
25.94
19.30
42.69
29.29
21.12
4.44
78.59
40.40
21.18
0.01
0.01
47.91
13.29
0.01
0.01
0.01
0.01
0.01
0.01
0.01
0.01
0.01
0.01
0.01
0.01
17.06
41.07
0.01
0.01
0.01
0.01
0.01
0.01
0.01
0.01
3.84
45.27
10.82
32.98
52.53
5.40
36.45
19.43
27.81
23.85
0.01
0.01
52.13
13.68
0.01
0.02
65.68
6.00
0.01
0.01
23.77
38.39
33.87
30.50
0.01
0.01
0.01
0.01
0.01
0.01
20.02
38.68
0.01
0.10
30.68
18.05
0.02
0.01
0.01
0.01
0.01
0.01
0.01
0.01
46.44
21.34
49.99
14.71
0.01
0.01
0.01
0.01
28.28	202.36
37.93
0.02
0.01
0.01
0.01
0.01
0.01
41.68
17.14
0.01
0.02
55.32
9.63
0.01
0.01
40.84
3.09
0.01
0.01
28.45
49.73
0.01
0.01
9.29
46.46
38.18
18.82
0.01
0.01
44.33
15.18
23.03
10.97
34.20
17.28
25.36
16.26
0.01
0.01
0.01
0.01
0.01
0.01
0.01
0.01
31.84
24.75
0.01
0.01
0.01
0.01
0.01
0.01
34.33
21.68
43.70
20.76
41.32
13.88
3.15
72.58
0.01
0.01
33.71
23.67
0.02
0.01
22.80
51.09
0.01
0.01
0.01
0.01
42.40
16.37
0.01
0.01
35.92
32.27
47.09
1.05
0.01
0.01
0.01
0.01
0.01
0.01
0.01
0.01
0.01
0.01
0.01
0.01
0.02
0.01
0.02
0.01
51.76
24.81
0.01
0.01
0.01
0.01
9.97
35.54
0.01
0.01
27.78
25.67
17.56
9.87
64.27
3.35
0.01
0.01
37.93
26.00
43.36
0.01
0.01
0.01
0.01
0.01
0.01
0.01
2.78
55.52
27.40
12.89
15.69
28.56
62.49
8.32
28.11
19.43
0.01
0.01
0.01
0.01
0.01
0.01
0.01
0.01
23.50
23.35
33.46
25.44
69.62
2.96
0.01
0.01
8.20
64.83
0.01
0.01
0.01
0.01
0.01
0.01
24.80
42.71
18.86
29.72
32.48
39.01
19.12
27.31
73.54
3.49
0.01
0.02
0.01
0.01
0.01
0.02
0.01
0.01
0.01
0.01
0.02
0.01
0.03
0.01
0.02
0.01
0.01
0.01
0.01
0.01
72.50
0.03
39.88
4.90
0.01
0.01
27.22
21.95
0.01
0.01
0.01
0.01
34.13
31.63
0.01
0.01
0.01
0.01
36.50
13.20
0.01
0.01
0.01
0.01
45.31
9.82
0.01
0.01
0.01
0.01
34.07
10.01
0.01
0.01
28.23
38.31
0.01
0.02
0.01
0.01
0.01
0.02
0.01
0.01
0.01
0.01
9.78
48.43
0.01
0.02
49.99
15.90
25.24
6.76
0.01
0.01
0.01
0.01
0.01
0.01
0.01
0.01
0.01
0.01
0.01
0.09
Busy%	PkgWatt
12.30	427.93
50.94	227.63
28.69
19.58
40.35
73.11
7.24
51.52
23.88
35.16
16.95
0.01
0.01
36.55
16.65
15.60
14.33
42.59
21.30
0.01
0.01
0.01
0.01
0.01
0.01
24.43
19.82
68.04
10.38
54.33
9.72
0.01
0.01
22.46
37.13
0.01
0.01
0.01
0.01
32.12
12.35
42.94
20.87
30.09
28.59
28.19
25.95
0.01
0.01
0.01
0.02
32.17
15.41
0.01
0.01
0.01
0.01
29.82
21.19
0.01
0.01
0.01
0.01
35.80
16.10
22.54
22.34
44.72
9.81
40.18
27.97
0.01
0.01
0.01
0.01
0.02
0.01
0.01
0.01
54.83
7.87
36.06
14.90
56.82
12.89
0.01
0.01
24.57
21.12
58.45
10.34
42.01
18.17
0.01
0.01
11.90
14.13
11.85
11.38
32.92
16.29
34.23
33.68
0.01
0.01
14.95
24.34
0.01
0.01
0.01
0.01
0.01
0.01
0.01
0.01
0.01
0.01
0.01
0.01
0.01
0.01
0.01
0.01
22.70
54.16
16.76
2.19
43.11
9.21
0.01
0.02
0.01
0.01
0.01
0.01
0.01
0.02
0.01
0.01
0.01
0.01
43.03
18.29
0.01
0.01
0.01
0.01
0.01
0.01
0.01
0.01
2.90
82.38
0.01
0.02
0.01
0.01
0.01
0.01
34.21
11.84
0.01
0.01
0.02
0.01
0.02
0.01
0.03
0.02
45.35
19.16
35.81
16.91
24.55
17.61
35.82
13.51
41.69
16.08
0.01
0.01
54.28
22.06
0.01
0.01
0.01
0.01
0.01
0.01
0.01
0.01
0.01
0.01
0.01
0.01
51.90
11.15
0.01
0.01
0.01
0.01
0.01
0.01
0.01
0.01
17.33
12.94
44.55
11.43
44.91
9.37
47.41
18.98
43.55
35.80
0.01
0.01
16.90
9.91
0.01
0.00
29.70
47.93
0.01
0.01
37.92
18.44
68.78
9.39
0.01
0.01
0.01
0.01
0.01
0.01
35.40
20.45
0.01
0.04
28.51
30.22
0.02
0.01
0.01
0.01
0.01
0.01
0.01
0.01
11.86
55.13
72.88
3.27
0.02
0.01
0.01
0.01
23.34	200.34
40.36
0.01
0.01
0.01
0.01
0.01
0.01
31.14
15.17
0.01
0.01
45.06
14.14
0.01
0.01
42.54
16.32
0.01
0.01
35.22
18.38
0.01
0.01
32.57
34.43
26.31
42.98
0.01
0.01
11.03
23.37
33.72
19.09
24.66
44.39
37.33
17.46
0.01
0.01
0.01
0.01
0.01
0.01
0.02
0.01
33.40
37.51
0.01
0.01
0.01
0.01
0.01
0.02
3.20
77.81
35.59
25.09
29.90
34.12
34.17
17.44
0.01
0.01
64.71
10.18
0.01
0.01
13.55
6.42
0.01
0.01
0.01
0.01
41.21
20.27
0.01
0.01
0.10
42.39
77.96
6.76
0.01
0.01
0.01
0.01
0.01
0.01
0.01
0.01
0.01
0.01
0.01
0.01
0.01
0.01
0.15
0.01
33.68
17.90
0.02
0.01
0.01
0.01
17.12
45.61
0.01
0.01
21.85
27.51
2.91
25.36
10.28
32.11
0.01
0.01
31.78
19.03
33.39
25.21
0.01
0.01
0.01
0.01
0.01
0.01
0.03
25.05
41.08
4.42
49.03
8.98
52.69
13.51
47.53
18.51
0.02
0.01
0.02
0.01
0.02
0.01
0.02
0.01
12.50
26.85
35.48
12.17
20.02
46.97
0.01
0.01
54.96
15.57
0.01
0.01
0.01
0.01
0.01
0.01
0.08
55.24
42.17
19.41
17.19
45.73
14.21
38.26
35.30
23.74
0.01
0.01
0.01
0.01
0.01
0.01
0.01
0.01
0.01
0.01
0.01
0.01
0.01
0.01
0.02
0.01
0.01
0.01
0.01
0.01
12.83
56.30
41.22
14.65
0.01
0.01
55.58
12.34
0.01
0.01
0.01
0.01
36.31
27.98
0.01
0.01
0.01
0.01
26.09
24.93
0.01
0.01
0.01
0.01
5.06
27.30
0.01
0.01
0.02
0.01
28.42
20.84
0.01
0.01
21.64
31.41
0.01
0.00
0.01
0.01
0.01
0.01
0.01
0.01
0.01
0.01
21.61
25.67
0.01
0.01
42.89
3.89
22.46
2.87
0.01
0.01
0.01
0.01
0.01
0.01
0.01
0.01
0.01
0.01
0.01
0.03
Busy%	PkgWatt
12.49	430.42
58.14	227.59
19.15
12.46
57.42
45.22
14.96
0.01
0.00
41.80
23.66
0.01
0.01
25.26
22.80
61.29
0.33
57.29
13.78
0.01
0.01
0.01
0.01
0.01
0.02
20.42
52.65
38.95
21.47
42.86
15.49
0.01
0.01
36.45
22.48
0.01
0.01
0.01
0.01
6.11
66.78
22.91
17.32
30.29
22.52
63.05
6.83
0.01
0.01
0.01
0.01
13.69
28.62
0.01
0.01
0.01
0.01
67.07
6.65
0.01
0.01
0.01
0.01
42.99
19.49
11.42
31.69
21.45
34.81
24.02
46.58
0.01
0.01
0.01
0.02
0.02
0.01
0.01
0.01
20.55
30.03
9.58
38.81
42.93
23.32
0.01
0.01
37.24
27.59
78.67
4.08
30.13
45.30
0.00
0.01
22.36
0.02
13.32
32.51
50.66
13.01
21.26
41.27
0.01
0.01
29.35
28.73
0.02
0.01
0.05
0.01
0.03
0.04
0.01
0.01
0.01
0.01
0.01
0.01
0.01
0.01
0.01
0.01
40.28
29.58
36.86
26.99
19.78
17.68
0.01
0.01
0.01
0.01
0.00
0.01
0.01
0.01
0.01
0.01
0.01
0.01
7.22
60.77
0.01
0.01
0.01
0.01
0.01
0.01
0.01
0.01
72.26
9.54
0.01
0.01
0.01
0.01
0.01
0.01
26.86
31.54
0.03
0.01
0.01
0.01
0.02
0.01
0.04
0.01
33.59
36.70
34.97
24.41
23.56
15.80
21.60
19.87
36.77
22.30
0.01
0.01
25.81
22.59
0.01
0.01
0.01
0.01
0.01
0.01
0.01
0.01
0.01
0.01
0.01
0.01
22.34
22.18
0.01
0.01
0.01
0.01
0.01
0.01
0.01
0.02
20.26
35.98
24.51
34.65
26.80
3.58
39.99
0.34
19.14
20.95
0.01
0.01
44.44
3.49
0.01
0.01
44.82
17.31
0.01
0.01
44.30
8.15
27.60
37.45
0.01
0.01
0.01
0.01
0.01
0.01
58.44
11.10
0.01
0.06
17.93
18.84
0.02
0.01
0.02
0.01
0.01
0.01
0.01
0.01
28.75
33.89
22.89
47.43
0.01
0.01
0.01
0.01
44.80	202.72
15.21
0.01
0.01
0.01
0.01
0.01
0.01
72.81
0.27
0.01
0.01
50.28
6.78
0.01
0.01
37.87
31.96
0.01
0.01
52.35
12.64
0.01
0.01
6.51
25.97
38.30
19.19
0.01
0.01
35.79
26.47
28.67
48.27
63.47
13.80
43.11
32.23
0.01
0.02
0.01
0.02
0.01
0.01
0.01
0.01
23.29
46.47
0.02
0.01
0.01
0.01
0.01
0.01
45.34
24.78
73.63
3.45
62.90
7.17
13.86
7.33
0.01
0.01
71.98
6.49
0.01
0.01
40.01
22.16
0.01
0.01
0.01
0.01
32.59
16.23
0.01
0.01
19.80
55.64
22.44
25.83
0.01
0.01
0.01
0.01
0.01
0.01
0.01
0.01
0.01
0.01
0.01
0.01
0.01
0.01
0.06
0.01
11.48
19.36
0.01
0.01
0.01
0.01
45.50
22.35
0.01
0.01
26.51
3.29
32.37
13.32
25.05
15.10
0.01
0.01
0.09
81.86
0.09
78.43
0.01
0.01
0.01
0.01
0.01
0.01
39.78
21.97
30.46
24.89
25.49
9.24
39.42
22.74
0.09
16.51
0.01
0.01
0.01
0.01
0.01
0.01
0.01
0.01
38.31
13.09
14.77
14.74
24.75
22.27
0.01
0.01
27.81
19.35
0.01
0.01
0.01
0.01
0.01
0.01
35.12
13.03
25.99
11.84
40.33
6.98
33.17
17.25
41.90
21.88
0.01
0.01
0.01
0.01
0.01
0.01
0.01
0.01
0.01
0.01
0.00
0.01
0.01
0.01
0.03
0.01
0.01
0.01
0.01
0.01
19.41
25.51
65.04
3.28
0.01
0.01
61.62
2.10
0.01
0.02
0.01
0.01
29.66
5.74
0.01
0.01
0.01
0.01
29.34
21.40
0.01
0.01
0.01
0.01
38.70
13.00
0.01
0.01
0.01
0.01
29.63
25.05
0.01
0.01
28.17
22.93
0.01
0.01
0.01
0.01
0.02
0.01
0.01
0.01
0.01
0.01
38.35
19.17
0.01
0.00
13.84
36.93
36.95
29.36
0.01
0.01
0.01
0.01
0.01
0.01
0.01
0.01
0.01
0.01
64.00
11.00
Busy%	PkgWatt
12.88	434.86
2.67	227.49
67.13
69.24
8.13
0.01
71.78
0.01
0.01
84.27
0.09
0.01
0.01
10.67
41.38
7.09
12.78
41.67
14.72
0.01
0.01
0.01
0.01
0.01
0.01
59.52
18.06
60.66
14.09
22.16
27.47
0.02
0.01
31.39
22.97
0.01
0.01
0.01
0.01
20.02
32.10
20.02
41.72
33.52
38.15
28.51
22.41
0.01
0.02
0.01
0.01
24.75
3.07
0.01
0.01
0.01
0.01
34.57
29.46
0.01
0.01
0.01
0.01
0.10
41.62
17.52
30.89
24.18
47.58
34.85
25.78
0.01
0.01
0.01
0.01
0.01
0.01
0.01
0.01
27.30
31.50
21.63
41.03
47.78
12.21
0.01
0.01
31.45
26.89
30.99
22.86
24.13
8.52
0.01
0.01
40.46
17.27
27.34
41.15
22.78
23.33
31.45
26.06
0.01
0.01
7.32
35.95
0.01
0.01
0.02
0.01
0.01
0.02
0.01
0.01
0.01
0.01
0.01
0.01
0.01
0.01
0.01
0.01
45.99
22.83
34.60
22.50
35.89
17.72
0.01
0.01
0.01
0.01
0.01
0.01
0.01
0.01
0.01
0.01
0.01
0.01
17.06
42.30
0.01
0.01
0.01
0.01
0.01
0.01
0.01
0.01
47.62
19.64
0.01
0.01
0.01
0.01
0.01
0.01
35.53
21.54
0.01
0.01
0.01
0.01
0.01
0.01
0.04
0.02
72.29
11.33
39.56
25.71
24.06
22.93
39.09
24.12
45.13
16.89
0.01
0.01
58.15
22.54
0.01
0.01
0.01
0.01
0.01
0.01
0.01
0.01
0.01
0.01
0.01
0.01
25.47
29.69
0.01
0.01
0.01
0.01
0.01
0.01
0.01
0.01
30.43
19.46
10.11
35.02
26.29
12.15
23.39
26.06
45.32
19.92
0.01
0.01
28.20
22.54
0.01
0.01
0.00
51.14
0.01
0.01
2.93
56.49
19.81
16.13
0.01
0.01
0.01
0.01
0.01
0.02
59.88
24.25
0.00
0.04
37.44
14.73
0.01
0.01
0.01
0.01
0.01
0.01
0.01
0.01
33.32
33.62
24.03
27.61
0.01
0.01
0.01
0.01
29.74	207.31
21.12
0.01
0.01
0.01
0.01
0.01
0.01
83.03
0.08
0.01
0.01
35.41
24.16
0.01
0.01
21.10
23.24
0.01
0.02
47.32
27.41
0.01
0.01
40.12
30.61
31.58
38.44
0.01
0.02
3.65
69.54
37.22
24.47
30.11
51.11
66.86
11.98
0.00
0.01
0.01
0.01
0.01
0.01
0.00
0.01
10.15
69.53
0.01
0.01
0.01
0.01
0.01
0.01
53.11
8.45
47.80
24.01
54.36
11.66
40.89
12.97
0.01
0.01
50.90
17.72
0.01
0.01
63.19
0.02
0.01
0.01
0.01
0.01
37.94
10.82
0.01
0.01
35.29
10.72
29.18
26.83
0.01
0.01
0.01
0.01
0.01
0.01
0.01
0.01
0.01
0.01
0.01
0.01
0.01
0.01
0.02
0.01
45.39
27.40
0.01
0.02
0.01
0.01
43.41
11.10
0.01
0.02
51.85
25.18
45.09
28.92
33.89
18.19
0.03
0.01
56.12
12.86
46.22
17.46
0.01
0.01
0.01
0.01
0.01
0.01
53.81
8.86
36.05
15.35
27.12
17.85
43.20
15.97
7.06
43.02
0.01
0.01
0.01
0.01
0.01
0.01
0.01
0.01
32.82
24.30
43.92
20.32
33.77
15.13
0.01
0.01
19.10
28.85
0.01
0.01
0.01
0.01
0.01
0.01
49.47
17.96
17.23
27.07
24.58
21.00
41.85
20.07
29.53
13.27
0.01
0.01
0.01
0.01
0.01
0.01
0.01
0.01
0.01
0.01
0.02
0.01
0.02
0.01
0.01
0.01
0.01
0.01
0.01
0.00
78.81
5.72
36.31
20.79
0.01
0.01
29.35
29.90
0.01
0.01
0.01
0.01
37.82
15.30
0.01
0.01
0.01
0.01
11.34
6.61
0.01
0.01
0.01
0.00
19.06
26.10
0.01
0.01
0.01
0.01
26.48
25.38
0.01
0.01
26.82
11.21
0.01
0.01
0.01
0.01
0.01
0.01
0.01
0.01
0.01
0.01
40.16
10.73
0.01
0.01
32.90
18.28
74.35
7.11
0.01
0.01
0.01
0.01
0.02
0.01
0.01
0.01
0.01
0.01
47.43
20.46
Busy%	PkgWatt
12.59	431.47
36.00	228.95
26.60
75.13
0.18
29.66
35.82
0.01
0.01
22.61
20.97
0.01
0.01
35.91
12.97
7.58
62.26
75.01
6.15
0.01
0.01
0.01
0.01
0.01
0.01
53.59
9.50
12.42
58.95
12.72
63.40
0.01
0.01
18.44
23.19
0.01
0.01
0.01
0.01
27.36
33.27
36.78
26.20
18.34
32.87
88.53
0.01
0.01
0.01
0.01
0.02
28.72
35.72
0.01
0.01
0.01
0.01
42.02
24.52
0.01
0.02
0.01
0.01
43.30
15.13
32.23
33.65
26.53
28.94
39.24
27.89
0.01
0.01
0.01
0.01
0.01
0.01
0.01
0.01
32.85
24.73
50.30
17.42
41.19
9.73
0.01
0.01
47.82
18.49
31.22
7.54
34.31
16.45
0.01
0.01
48.88
21.87
23.53
28.62
28.21
21.42
41.64
34.63
0.01
0.01
9.18
67.54
0.01
0.01
0.05
0.01
0.01
0.01
0.01
0.01
0.01
0.01
0.01
0.01
0.01
0.01
0.01
0.01
42.33
32.74
46.49
19.82
50.38
9.41
0.01
0.01
0.01
0.01
0.01
0.01
0.01
0.01
0.01
0.01
0.01
0.01
20.84
25.18
0.01
0.01
0.02
0.01
0.01
0.01
0.01
0.01
33.87
36.08
0.01
0.01
0.01
0.01
0.01
0.01
11.96
18.57
0.01
0.01
0.01
0.01
0.01
0.01
0.08
0.01
18.72
29.13
27.34
40.10
23.97
25.64
22.79
43.75
25.06
6.20
0.01
0.01
27.17
12.64
0.01
0.01
0.01
0.01
0.01
0.01
0.01
0.01
0.01
0.01
0.01
0.01
17.49
25.61
0.01
0.01
0.01
0.01
0.01
0.01
0.01
0.01
39.01
30.41
23.86
31.59
38.28
16.55
39.58
15.46
75.63
9.45
0.01
0.01
21.04
33.39
0.01
0.01
34.75
16.13
0.01
0.01
28.21
30.61
27.84
37.80
0.01
0.01
0.01
0.02
0.01
0.01
39.64
23.25
14.44
8.40
21.53
38.87
0.05
0.01
0.01
0.01
0.01
0.01
0.01
0.01
0.09
0.09
39.98
6.75
0.01
0.00
0.01
0.01
36.64	202.62
24.32
0.02
0.01
0.01
0.01
0.01
0.01
30.27
41.67
0.01
0.02
30.57
14.16
0.01
0.01
46.69
9.45
0.01
0.01
54.15
14.04
0.01
0.01
50.05
19.85
31.39
35.93
0.02
0.01
25.68
19.84
28.88
32.23
15.37
25.45
30.62
24.35
0.01
0.01
0.01
0.01
0.01
0.01
0.01
0.01
24.84
46.58
0.01
0.01
0.01
0.01
0.01
0.01
37.57
18.87
29.61
26.34
33.11
21.02
11.98
50.61
0.01
0.01
33.72
13.66
0.02
0.02
41.13
26.45
0.01
0.01
0.01
0.01
32.91
18.93
0.01
0.01
6.03
9.16
31.96
23.60
0.01
0.01
0.01
0.01
0.01
0.01
0.01
0.01
0.01
0.01
0.01
0.01
0.02
0.01
0.02
0.01
15.75
28.54
0.01
0.01
0.01
0.01
28.99
32.65
0.01
0.01
26.66
23.75
33.03
28.56
32.71
15.73
0.01
0.01
24.22
34.32
48.55
29.96
0.01
0.01
0.01
0.01
0.01
0.01
30.25
14.61
16.55
64.85
8.82
20.76
27.19
33.24
32.35
22.04
0.01
0.01
0.01
0.01
0.01
0.01
0.01
0.01
16.89
20.54
23.78
28.31
31.09
30.44
0.01
0.01
39.47
16.25
0.01
0.01
0.01
0.01
0.01
0.01
33.32
20.43
25.88
25.06
18.42
55.24
20.44
27.35
31.06
36.62
0.01
0.01
0.01
0.01
0.01
0.02
0.01
0.01
0.01
0.01
0.01
0.01
0.01
0.01
0.01
0.01
0.01
0.01
0.01
0.01
5.93
12.15
12.06
67.56
0.01
0.01
58.01
15.73
0.01
0.01
0.01
0.01
33.21
30.01
0.01
0.01
0.01
0.01
12.04
60.21
0.01
0.01
0.01
0.01
26.69
25.68
0.01
0.01
0.01
0.01
19.04
23.40
0.01
0.01
26.97
35.86
0.01
0.01
0.01
0.01
0.01
0.02
0.01
0.01
0.01
0.01
21.72
29.94
0.01
0.01
56.98
6.32
17.95
29.81
0.01
0.01
0.01
0.01
0.01
0.01
0.01
0.01
0.01
0.01
20.53
6.48
Busy%	PkgWatt
11.76	422.18
75.42	223.49
6.12
0.09
83.19
51.35
24.33
0.01
0.01
43.02
17.44
0.01
0.01
28.69
26.25
34.09
21.91
0.03
14.51
0.01
0.00
0.00
0.01
0.01
0.00
0.02
83.62
0.11
63.82
42.99
27.62
0.00
0.01
35.17
24.29
0.01
0.01
0.01
0.01
43.91
19.27
50.74
0.10
28.91
13.45
0.01
75.48
0.01
0.00
0.01
0.01
27.71
27.60
0.01
0.01
0.01
0.01
26.68
30.48
0.01
0.01
0.01
0.01
0.18
35.88
14.64
24.21
68.57
1.73
22.65
27.57
0.01
0.01
0.01
0.01
0.01
0.01
0.01
0.01
0.18
0.01
0.19
47.68
71.30
0.13
0.01
0.01
29.24
22.93
0.03
36.07
25.64
10.42
0.00
0.00
16.99
43.83
0.18
29.93
50.19
12.01
38.52
0.36
0.01
0.01
0.27
84.48
0.01
0.00
0.01
0.01
0.01
0.01
0.01
0.01
0.00
0.01
0.00
0.01
0.01
0.01
0.00
0.01
30.71
20.10
20.47
22.02
42.53
20.54
0.01
0.01
0.01
0.01
0.01
0.01
0.01
0.00
0.02
0.01
0.01
0.00
33.75
18.41
0.01
0.01
0.01
0.00
0.00
0.01
0.01
0.01
38.25
35.70
0.00
0.02
0.01
0.01
0.01
0.01
28.94
46.52
0.01
0.01
0.01
0.01
0.02
0.00
0.02
0.01
39.09
17.66
0.02
32.62
29.06
24.92
34.27
28.00
36.88
15.57
0.00
0.01
29.87
8.05
0.00
0.01
0.00
0.01
0.01
0.01
0.01
0.01
0.01
0.01
0.01
0.01
0.01
0.20
0.01
0.00
0.01
0.01
0.01
0.00
0.01
0.01
35.88
21.08
0.01
13.44
51.52
12.47
0.10
64.77
34.04
13.02
0.01
0.01
23.35
20.98
0.00
0.00
48.12
13.93
0.01
0.01
9.12
69.53
37.97
19.52
0.01
0.00
0.01
0.01
0.00
0.01
46.95
23.54
30.90
32.99
29.26
11.46
0.02
0.01
0.01
0.01
0.01
0.01
0.02
0.00
36.59
23.18
25.20
17.75
0.02
0.01
0.00
0.01
74.07	198.69
0.11
0.01
0.00
0.01
0.01
0.00
0.00
0.06
20.07
0.00
0.01
35.88
7.24
0.01
0.00
8.56
40.57
0.01
0.01
0.10
43.90
0.01
0.01
37.18
26.63
14.68
36.72
0.01
0.00
81.88
0.01
48.29
13.97
37.57
0.09
27.78
50.51
0.01
0.01
0.01
0.01
0.02
0.00
0.01
0.01
53.13
20.59
0.01
0.01
0.01
0.01
0.01
0.01
21.11
49.42
3.90
22.14
36.07
28.53
0.02
9.19
0.01
0.01
0.02
0.17
0.00
0.00
47.65
13.28
0.00
0.01
0.01
0.01
39.60
16.50
0.00
0.01
14.26
17.47
20.57
21.80
0.01
0.01
0.01
0.01
0.01
0.00
0.01
0.01
0.01
0.00
0.01
0.00
0.01
0.01
0.04
0.01
55.64
18.21
0.02
0.00
0.01
0.00
26.45
19.17
0.01
0.00
16.44
36.31
22.77
29.45
0.11
78.40
0.01
0.01
22.25
30.86
52.00
14.43
0.01
0.01
0.00
0.01
0.01
0.01
0.18
85.85
41.28
16.13
58.76
9.86
32.19
29.64
13.47
62.34
0.02
0.01
0.02
0.01
0.02
0.01
0.02
0.01
16.72
26.56
10.38
34.90
0.09
22.76
0.01
0.01
14.31
33.16
0.01
0.01
0.01
0.02
0.01
0.01
26.86
30.23
0.00
0.02
10.85
25.48
0.00
0.11
43.73
27.33
0.00
0.00
0.00
0.01
0.01
0.01
0.01
0.01
0.01
0.00
0.01
0.00
0.00
0.00
0.01
0.01
0.00
0.00
0.01
0.01
6.59
56.69
62.04
14.48
0.02
0.01
6.07
60.01
0.01
0.01
0.01
0.01
29.87
27.81
0.01
0.00
0.01
0.01
18.17
25.88
0.01
0.01
0.01
0.01
30.27
23.87
0.01
0.01
0.02
0.01
37.32
28.43
0.01
0.01
33.10
12.58
0.00
0.01
0.01
0.01
0.01
0.00
0.01
0.01
0.01
0.00
27.40
31.81
0.01
0.01
0.02
53.19
27.32
29.06
0.05
0.01
0.05
0.01
0.04
0.03
0.01
0.01
0.04
0.03
22.05
32.77
Busy%	PkgWatt
12.87	435.15
51.28	228.99
28.43
25.94
50.47
31.97
29.94
0.01
0.01
25.86
31.94
0.01
0.01
18.72
35.22
39.79
37.24
16.55
45.68
0.01
0.02
0.01
0.01
0.01
0.02
32.06
25.47
26.46
37.26
42.34
21.87
0.01
0.02
20.64
36.11
0.01
0.01
0.01
0.01
20.98
18.45
27.15
28.26
30.84
44.53
25.35
15.84
0.01
0.01
0.01
0.01
18.76
34.28
0.01
0.01
0.01
0.01
17.16
15.72
0.01
0.01
0.01
0.01
19.02
34.83
17.67
50.36
21.11
31.10
28.88
28.23
0.01
0.01
0.01
0.01
0.01
0.01
0.01
0.01
51.02
15.37
31.94
26.65
24.28
33.23
0.01
0.01
20.62
29.28
30.86
34.04
22.14
39.03
0.01
0.01
11.30
32.10
31.55
12.04
53.31
12.64
27.63
49.81
0.01
0.01
17.48
51.38
0.01
0.01
0.03
0.01
0.01
0.01
0.01
0.01
0.01
0.01
0.01
0.01
0.01
0.01
0.01
0.01
28.71
22.22
18.98
44.05
28.76
22.46
0.01
0.01
0.01
0.02
0.01
0.01
0.01
0.01
0.01
0.01
0.01
0.01
17.45
25.04
0.01
0.01
0.01
0.01
0.01
0.01
0.01
0.01
38.37
29.58
0.02
0.01
0.01
0.01
0.01
0.01
43.38
18.56
0.01
0.01
0.01
0.02
0.04
0.01
0.05
0.01
61.08
14.57
26.84
36.04
9.35
47.90
17.72
39.42
26.58
25.18
0.01
0.01
31.72
37.09
0.01
0.01
0.01
0.01
0.01
0.01
0.01
0.01
0.01
0.01
0.01
0.01
26.32
38.99
0.01
0.01
0.01
0.01
0.01
0.01
0.01
0.01
15.07
45.23
80.31
5.88
26.30
36.90
26.89
34.69
23.74
27.78
0.01
0.01
14.39
6.19
0.01
0.01
44.46
9.85
0.01
0.01
39.12
7.37
16.05
40.04
0.01
0.01
0.01
0.01
0.01
0.01
20.36
7.69
14.79
38.15
45.21
0.10
0.02
0.01
0.01
0.01
0.01
0.01
0.01
0.01
18.49
38.08
32.25
33.28
0.01
0.01
0.01
0.01
26.27	206.07
32.54
0.01
0.01
0.01
0.01
0.01
0.01
44.53
7.68
0.01
0.01
31.10
34.20
0.01
0.01
27.19
48.52
0.01
0.00
29.01
47.36
0.01
0.04
12.24
23.39
43.48
9.59
0.01
0.01
49.69
9.18
20.83
35.29
49.47
20.77
34.26
21.46
0.01
0.02
0.01
0.01
0.01
0.01
0.01
0.01
57.88
15.53
0.02
0.01
0.01
0.01
0.01
0.01
31.79
26.45
68.56
3.16
36.64
30.03
8.98
22.74
0.01
0.01
38.09
24.07
0.01
0.00
18.63
39.44
0.01
0.01
0.01
0.01
11.21
34.89
0.01
0.01
6.23
15.72
24.15
52.32
0.01
0.01
0.01
0.01
0.01
0.01
0.01
0.01
0.01
0.01
0.01
0.01
0.01
0.01
23.20
0.01
30.48
26.47
0.01
0.01
0.01
0.01
30.78
18.83
0.01
0.01
66.88
1.83
31.88
33.28
35.21
30.43
0.01
0.01
35.84
27.42
18.44
37.24
0.01
0.01
0.01
0.01
0.01
0.01
41.60
23.81
38.58
16.05
20.24
39.55
19.51
27.91
36.69
25.64
0.01
0.01
0.01
0.01
0.01
0.01
0.01
0.01
30.94
17.14
10.62
21.64
29.90
21.18
0.01
0.01
83.25
0.00
0.01
0.01
0.01
0.01
0.01
0.01
78.53
3.09
47.34
12.38
25.07
21.00
28.01
28.35
28.57
29.42
0.01
0.01
0.01
0.01
0.01
0.01
0.02
0.01
0.01
0.01
0.01
0.02
0.01
0.01
0.01
0.01
0.01
0.01
0.01
0.01
34.91
33.84
20.74
22.16
0.01
0.01
22.12
42.46
0.01
0.01
0.01
0.01
26.00
14.65
0.01
0.01
0.01
0.01
33.30
30.07
0.01
0.01
0.01
0.01
26.67
27.73
0.01
0.01
0.01
0.01
4.28
44.88
0.01
0.01
35.20
32.43
0.01
0.01
0.01
0.01
0.01
0.01
0.01
0.01
0.01
0.01
26.01
21.52
0.01
0.01
23.53
27.20
42.25
29.58
0.01
0.01
0.01
0.01
0.01
0.01
0.01
0.01
0.01
0.01
35.96
25.53
Busy%	PkgWatt
12.72	433.14
37.53	228.15
31.58
28.05
21.48
33.82
26.78
0.01
0.01
23.13
32.83
0.01
0.01
32.42
19.71
47.58
0.05
51.18
19.91
0.01
0.01
0.02
0.01
0.01
0.01
33.59
37.48
33.19
35.97
31.55
37.93
0.01
0.01
17.23
46.02
0.01
0.01
0.01
0.02
6.35
65.04
21.99
28.64
27.65
17.32
4.84
30.46
0.01
0.02
0.01
0.01
28.13
16.99
0.01
0.01
0.01
0.01
41.38
28.76
0.01
0.01
0.01
0.01
21.09
16.35
9.35
55.84
26.34
30.64
24.08
40.38
0.01
0.00
0.01
0.01
0.01
0.01
0.01
0.01
27.32
29.88
67.62
11.38
18.84
20.29
0.01
0.01
18.01
40.09
21.72
23.71
31.41
30.67
0.01
0.02
12.20
40.11
30.21
30.87
39.99
34.97
53.29
26.00
0.01
0.01
33.67
27.06
0.01
0.02
0.01
0.01
0.01
0.01
0.01
0.01
0.01
0.01
0.01
0.01
0.01
0.01
0.01
0.01
18.40
23.39
2.81
70.49
26.16
26.83
0.01
0.02
0.01
0.01
0.01
0.01
0.01
0.01
0.01
0.01
0.01
0.01
27.79
29.60
0.01
0.01
0.01
0.01
0.01
0.01
0.01
0.01
35.11
31.50
0.01
0.02
0.01
0.01
0.01
0.01
28.52
31.23
0.01
0.01
0.02
0.01
0.01
0.01
0.04
0.01
31.02
40.23
10.87
12.94
37.85
18.84
31.67
27.09
26.09
10.49
0.01
0.01
42.43
24.74
0.01
0.01
0.01
0.01
0.01
0.01
0.01
0.01
0.01
0.01
0.01
0.01
3.40
21.73
0.01
0.01
0.01
0.01
0.01
0.01
0.01
0.01
2.81
26.68
3.40
30.30
39.95
31.90
40.81
20.08
25.38
27.56
0.01
0.01
13.94
60.11
0.01
0.01
36.93
29.39
0.01
0.01
30.89
28.85
33.34
27.59
0.01
0.01
0.01
0.01
0.01
0.01
20.17
33.76
37.54
29.33
21.12
22.53
0.01
0.01
0.01
0.01
0.01
0.01
0.01
0.01
48.80
13.54
31.24
41.84
0.02
0.01
0.01
0.01
40.21	205.01
20.77
0.01
0.01
0.01
0.01
0.01
0.01
17.37
18.84
0.01
0.01
0.09
63.36
0.01
0.01
16.56
35.61
0.01
0.02
8.44
44.18
0.01
0.01
39.16
31.44
57.90
24.72
0.01
0.02
37.85
28.37
62.81
8.00
59.79
13.54
47.20
13.84
0.01
0.01
0.01
0.01
0.00
0.01
0.01
0.01
25.03
19.72
0.01
0.01
0.01
0.01
0.01
0.01
13.81
20.56
41.76
31.01
22.71
24.27
11.71
56.15
0.01
0.01
30.38
20.38
0.01
0.00
47.02
19.55
0.01
0.01
0.01
0.01
42.19
26.27
0.01
0.01
54.91
7.88
23.49
12.82
0.01
0.01
0.01
0.01
0.01
0.01
0.01
0.01
0.01
0.01
0.01
0.01
0.01
0.01
0.02
0.01
39.07
23.37
0.00
0.01
0.01
0.01
28.19
20.52
0.01
0.02
38.61
23.25
31.18
31.48
30.17
22.00
0.01
0.01
15.44
3.20
20.77
26.55
0.01
0.01
0.01
0.01
0.01
0.01
32.04
42.35
36.89
24.67
34.67
27.11
43.81
26.01
29.06
36.83
0.01
0.01
0.01
0.01
0.01
0.01
0.01
0.01
29.10
27.17
23.18
17.13
6.18
82.57
0.01
0.01
18.14
24.49
0.01
0.01
0.01
0.01
0.01
0.01
67.06
7.44
15.93
23.00
33.15
17.91
31.58
36.98
38.82
3.57
0.01
0.01
0.01
0.01
0.01
0.01
0.02
0.01
0.01
0.01
0.02
0.01
0.02
0.01
0.01
0.01
0.01
0.01
0.01
0.01
30.64
42.03
45.04
22.49
0.01
0.01
34.89
31.42
0.01
0.01
0.01
0.01
31.19
2.96
0.01
0.01
0.01
0.01
38.86
20.32
0.01
0.01
0.01
0.01
38.62
16.75
0.01
0.01
0.01
0.01
30.30
14.86
0.01
0.01
46.30
16.82
0.01
0.01
0.01
0.01
0.01
0.01
0.01
0.01
0.01
0.01
35.46
20.23
0.01
0.01
28.31
26.70
26.58
28.32
0.01
0.01
0.01
0.01
0.01
0.01
0.01
0.01
0.01
0.01
44.80
11.75
Busy%	PkgWatt
12.83	434.98
35.61	226.95
39.91
43.05
20.35
0.00
29.72
0.01
0.01
31.03
19.29
0.01
0.01
35.36
15.36
25.18
35.70
33.12
12.44
0.01
0.01
0.01
0.01
0.01
0.01
40.48
32.64
32.73
46.57
32.87
29.86
0.01
0.01
29.25
20.91
0.01
0.01
0.01
0.01
29.05
28.19
20.53
31.29
21.59
17.69
14.21
1.17
0.01
0.01
0.01
0.02
49.92
13.09
0.01
0.01
0.01
0.01
27.61
32.88
0.01
0.01
0.01
0.01
3.07
22.18
0.27
81.67
28.16
26.79
23.62
26.59
0.01
0.01
0.01
0.01
0.01
0.01
0.01
0.01
2.84
48.50
42.64
27.88
39.58
27.05
0.01
0.01
18.98
29.35
35.51
20.45
28.73
24.12
0.01
0.01
46.00
21.95
16.43
20.90
30.99
32.05
27.57
47.14
0.01
0.01
22.51
25.85
0.01
0.01
0.04
0.01
0.01
0.01
0.01
0.01
0.01
0.01
0.01
0.01
0.01
0.01
0.01
0.01
50.63
14.73
34.21
18.30
38.63
15.27
0.01
0.01
0.01
0.01
0.01
0.01
0.01
0.01
0.01
0.01
0.01
0.01
18.17
22.70
0.01
0.01
0.01
0.01
0.02
0.01
0.01
0.01
40.21
15.16
0.01
0.01
0.01
0.01
0.01
0.01
25.00
20.46
0.01
0.01
0.01
0.01
0.01
0.01
0.05
0.01
66.04
5.82
42.68
24.95
0.27
52.86
5.97
41.62
32.08
7.87
0.01
0.01
69.29
9.90
0.01
0.01
0.01
0.01
0.01
0.01
0.01
0.01
0.01
0.01
0.01
0.01
6.95
70.73
0.01
0.01
0.01
0.01
0.01
0.01
0.02
0.01
20.62
23.20
37.49
25.60
36.35
17.23
33.60
13.75
27.25
29.38
0.01
0.01
20.71
14.54
0.01
0.02
45.63
25.69
0.01
0.01
9.21
73.30
29.76
12.70
0.01
0.02
0.00
0.01
0.01
0.01
22.54
33.16
28.67
30.73
33.65
39.63
0.01
0.01
0.01
0.01
0.01
0.01
0.01
0.01
10.18
22.95
6.95
73.50
0.01
0.01
0.01
0.01
32.06	207.98
21.60
0.02
0.01
0.01
0.01
0.01
0.01
23.28
45.20
0.01
0.02
49.51
15.70
0.01
0.01
52.69
18.47
0.01
0.01
8.88
9.79
0.01
0.01
55.12
13.56
14.15
54.69
0.01
0.01
33.34
30.65
18.85
36.91
27.99
55.62
25.58
43.50
0.01
0.01
0.01
0.01
0.01
0.01
0.01
0.01
21.61
34.24
0.01
0.01
0.01
0.01
0.01
0.01
2.98
56.67
23.12
6.25
33.04
31.78
37.81
23.69
0.01
0.01
31.02
20.85
0.02
0.01
41.48
29.01
0.01
0.00
0.01
0.01
19.56
31.05
0.01
0.01
27.44
43.40
20.25
43.57
0.01
0.01
0.01
0.01
0.01
0.01
0.01
0.01
0.01
0.01
0.01
0.01
0.02
0.01
0.04
0.01
13.01
35.94
0.01
0.01
0.01
0.01
25.75
21.54
0.01
0.01
6.52
73.38
24.03
33.34
82.88
2.75
0.01
0.01
34.40
37.46
41.14
29.93
0.01
0.01
0.01
0.01
0.01
0.01
2.97
78.81
19.90
2.65
17.48
22.39
31.04
29.15
10.24
35.72
0.01
0.01
0.01
0.01
0.01
0.00
0.01
0.01
29.72
33.23
31.28
24.07
30.89
44.58
0.01
0.01
19.47
24.36
0.01
0.01
0.01
0.01
0.02
0.01
71.98
2.66
16.79
40.33
16.85
48.14
32.79
30.10
5.86
61.63
0.01
0.01
0.01
0.02
0.01
0.01
0.01
0.01
0.01
0.01
0.01
0.01
0.01
0.01
0.03
0.01
0.01
0.01
0.01
0.01
63.88
2.65
24.06
28.38
0.01
0.01
44.56
29.66
0.01
0.01
0.01
0.01
67.83
5.52
0.01
0.01
0.01
0.01
21.53
22.31
0.01
0.01
0.01
0.01
17.12
22.00
0.01
0.01
0.01
0.01
34.39
25.99
0.01
0.01
39.49
32.92
0.01
0.01
0.01
0.01
0.01
0.02
0.01
0.01
0.01
0.01
20.71
34.85
0.01
0.02
25.45
27.31
18.36
34.68
0.01
0.01
0.01
0.01
0.01
0.01
0.01
0.01
0.01
0.01
17.28
37.98
Busy%	PkgWatt
13.03	436.61
42.78	228.94
28.10
24.98
49.21
37.92
30.92
0.01
0.01
38.00
17.76
0.01
0.01
60.25
15.39
20.04
21.16
20.81
36.36
0.01
0.01
0.01
0.01
0.01
0.01
53.62
13.81
41.67
24.28
21.28
24.49
0.01
0.01
21.19
56.24
0.01
0.01
0.01
0.01
0.06
13.26
41.14
28.12
14.17
0.20
31.21
34.25
0.01
0.01
0.01
0.01
21.28
27.31
0.01
0.01
0.01
0.01
15.30
31.39
0.01
0.01
0.01
0.01
12.92
54.15
52.25
3.90
26.27
14.95
56.12
25.35
0.01
0.01
0.01
0.01
0.02
0.01
0.01
0.01
20.99
38.58
28.95
32.15
21.88
33.22
0.01
0.01
21.73
23.18
12.09
41.31
20.03
29.61
0.01
0.01
34.64
37.84
32.18
34.98
67.28
0.09
20.17
48.55
0.01
0.01
39.72
13.97
0.01
0.01
0.01
0.01
0.01
0.01
0.01
0.01
0.01
0.02
0.01
0.01
0.01
0.01
0.01
0.01
34.67
37.74
33.35
32.93
30.44
41.48
0.01
0.01
0.01
0.01
0.01
0.01
0.01
0.01
0.01
0.01
0.01
0.01
23.28
33.86
0.01
0.01
0.01
0.01
0.01
0.01
0.01
0.01
33.46
22.19
0.01
0.02
0.01
0.01
0.01
0.01
44.29
23.61
0.01
0.01
0.01
0.01
0.03
0.01
0.03
0.01
38.58
19.09
24.48
24.36
39.30
36.41
41.43
32.84
34.54
26.89
0.01
0.01
31.40
35.76
0.01
0.01
0.01
0.01
0.01
0.01
0.01
0.01
0.01
0.01
0.01
0.01
10.03
33.13
0.01
0.01
0.01
0.01
0.01
0.01
0.01
0.01
54.43
0.13
31.03
3.94
32.97
16.60
48.00
10.51
15.71
54.38
0.01
0.01
3.89
49.99
0.01
0.00
49.90
30.87
0.01
0.01
0.05
3.86
26.24
22.85
0.01
0.01
0.01
0.01
0.01
0.01
17.35
39.28
20.72
41.14
18.89
28.13
0.02
0.01
0.01
0.01
0.02
0.01
0.01
0.01
26.60
51.00
31.29
11.02
0.01
0.01
0.01
0.01
38.31	207.71
37.84
0.01
0.01
0.01
0.01
0.01
0.01
41.23
28.27
0.01
0.01
79.63
0.03
0.01
0.01
0.00
80.37
0.01
0.01
0.03
86.13
0.01
0.04
37.08
34.75
39.84
23.03
0.01
0.01
0.09
66.11
27.85
30.51
50.90
6.73
32.16
53.69
0.01
0.01
0.01
0.01
0.01
0.01
0.01
0.01
22.33
3.85
0.01
0.01
0.01
0.01
0.01
0.01
40.06
37.78
44.01
34.88
40.02
37.75
10.35
54.08
0.01
0.01
36.25
30.74
0.01
0.01
28.99
30.16
0.01
0.02
0.01
0.01
15.41
50.03
0.01
0.01
21.09
34.94
38.05
7.25
0.01
0.01
0.01
0.01
0.01
0.01
0.01
0.01
0.01
0.01
0.01
0.01
0.01
0.01
0.08
0.01
33.42
38.99
0.02
0.01
0.01
0.01
77.43
0.04
0.02
0.01
44.43
13.57
36.22
30.36
23.13
41.89
0.01
0.01
57.60
15.63
42.57
33.27
0.01
0.01
0.01
0.01
0.01
0.01
0.06
88.71
38.38
15.84
16.51
26.05
53.24
12.94
36.89
18.40
0.01
0.01
0.01
0.01
0.01
0.01
0.01
0.01
37.26
3.83
31.80
24.84
26.37
30.88
0.01
0.01
27.66
24.26
0.01
0.01
0.01
0.01
0.01
0.01
20.19
6.36
33.70
10.02
0.02
3.63
32.99
28.47
30.51
20.19
0.01
0.01
0.01
0.01
0.01
0.01
0.00
0.01
0.01
0.01
0.01
0.01
0.00
0.01
0.01
0.01
0.01
0.01
0.00
0.01
17.16
28.21
28.55
13.16
0.02
0.01
34.87
33.78
0.01
0.01
0.01
0.01
11.96
53.60
0.01
0.01
0.01
0.01
10.02
58.26
0.01
0.01
0.01
0.01
25.88
11.95
0.02
0.01
0.02
0.01
45.42
11.23
0.01
0.01
26.28
23.04
0.01
0.01
0.01
0.01
0.01
0.01
0.01
0.01
0.01
0.01
0.05
58.33
0.01
0.01
25.99
18.93
30.77
13.82
0.01
0.01
0.00
0.01
0.01
0.01
0.01
0.01
0.01
0.01
33.52
33.06
Busy%	PkgWatt
12.81	434.68
31.36	227.72
26.90
36.93
44.99
29.48
41.10
0.01
0.01
86.20
2.82
0.01
0.01
22.59
34.68
26.70
0.01
28.02
34.95
0.00
0.01
0.01
0.02
0.01
0.01
38.69
31.52
0.01
0.02
21.35
59.53
0.01
0.02
67.60
11.97
0.01
0.01
0.01
0.01
32.83
41.45
10.10
55.35
4.23
41.94
29.12
24.96
0.00
0.01
0.02
0.01
62.80
5.80
0.01
0.01
0.01
0.01
54.01
0.00
0.01
0.01
0.01
0.01
33.21
34.31
18.63
20.05
29.53
21.22
30.40
20.54
0.01
0.01
0.01
0.01
0.01
0.01
0.01
0.01
17.95
42.03
0.02
59.68
28.42
44.89
0.01
0.01
50.53
9.20
15.11
30.21
0.02
37.99
0.01
0.01
19.24
10.03
26.81
33.06
45.37
15.60
36.05
30.78
0.01
0.01
63.80
8.38
0.01
0.01
0.10
0.01
0.01
0.01
0.01
0.01
0.01
0.01
0.01
0.01
0.01
0.01
0.01
0.01
22.82
37.28
19.91
27.86
23.00
33.79
0.01
0.01
0.01
0.01
0.01
0.02
0.01
0.01
0.00
0.02
0.01
0.01
33.40
28.40
0.01
0.01
0.01
0.01
0.01
0.01
0.01
0.01
15.84
10.58
0.01
0.01
0.01
0.01
0.01
0.01
33.68
22.83
0.01
0.01
0.01
0.01
0.02
0.01
0.02
0.01
27.92
22.32
25.92
42.59
53.16
0.14
33.74
21.29
18.17
33.54
0.01
0.01
19.95
16.22
0.01
0.01
0.01
0.01
0.01
0.01
0.01
0.01
0.01
0.01
0.01
0.01
24.19
18.25
0.01
0.01
0.01
0.01
0.01
0.01
0.01
0.01
24.89
25.38
22.78
26.28
41.26
18.88
53.15
17.79
28.45
47.28
0.01
0.01
25.32
20.84
0.01
0.01
35.26
31.38
0.01
0.01
2.86
39.64
54.32
13.55
0.01
0.01
0.01
0.01
0.01
0.01
9.86
25.24
36.33
38.19
25.54
20.31
0.02
0.01
0.01
0.01
0.01
0.01
0.01
0.02
55.08
20.23
22.71
35.71
0.01
0.01
0.01
0.02
41.45	206.91
15.79
0.01
0.01
0.01
0.01
0.01
0.01
24.95
29.27
0.01
0.01
14.84
16.63
0.01
0.01
51.94
19.80
0.01
0.01
55.27
14.78
0.01
0.07
29.02
19.18
41.84
19.55
0.01
0.01
24.76
26.32
14.77
62.84
50.33
22.99
11.52
54.27
0.01
0.02
0.01
0.01
0.01
0.01
0.01
0.01
11.09
46.25
0.02
0.01
0.01
0.01
0.01
0.01
3.59
77.56
17.80
16.92
44.40
33.37
36.56
18.58
0.02
0.01
65.10
12.45
0.01
0.01
44.82
16.81
0.01
0.01
0.01
0.01
24.74
24.46
0.01
0.01
0.02
41.56
17.50
24.49
0.01
0.01
0.01
0.01
0.01
0.01
0.01
0.01
0.01
0.01
0.01
0.01
0.01
0.15
0.03
0.01
37.69
20.87
0.01
0.01
0.01
0.01
5.82
13.72
0.01
0.01
71.99
10.17
35.06
0.05
29.83
32.90
0.02
0.01
21.57
36.99
18.63
32.38
0.01
0.01
0.01
0.01
0.01
0.01
34.90
22.83
31.74
32.48
14.86
17.57
24.28
34.56
21.56
16.79
0.01
0.01
0.01
0.01
0.01
0.01
0.01
0.01
20.58
37.69
42.58
7.47
28.71
21.35
0.01
0.01
31.36
24.70
0.01
0.01
0.01
0.01
0.01
0.01
40.30
22.42
14.81
39.19
6.53
66.59
33.29
32.80
12.16
61.34
0.01
0.01
0.01
0.01
0.01
0.01
0.01
0.02
0.01
0.01
0.01
0.01
0.00
0.01
0.01
0.02
0.01
0.01
0.01
0.01
33.19
38.09
15.53
66.66
0.01
0.01
37.54
32.69
0.01
0.02
0.01
0.01
57.94
16.57
0.00
0.01
0.01
0.01
22.57
44.52
0.01
0.01
0.01
0.01
18.16
20.55
0.01
0.01
0.01
0.01
12.08
37.23
0.01
0.01
64.91
15.52
0.01
0.01
0.01
0.01
0.02
0.01
0.01
0.01
0.01
0.01
72.62
9.37
0.02
0.01
40.14
18.64
43.20
21.45
0.01
0.01
0.01
0.01
0.01
0.01
0.01
0.01
0.01
0.01
47.16
9.64
Busy%	PkgWatt
12.63	432.34
52.05	227.75
23.44
9.65
40.62
27.72
15.73
0.01
0.01
69.41
4.21
0.01
0.01
0.04
45.20
42.51
28.42
24.22
35.89
0.01
0.01
0.01
0.01
0.01
0.01
33.04
40.49
0.02
0.01
36.33
10.64
0.02
0.01
36.65
27.40
0.01
0.01
0.01
0.01
9.10
53.70
34.79
35.88
35.65
28.52
8.34
19.15
0.01
0.02
0.01
0.01
25.29
20.02
0.01
0.01
0.01
0.01
18.95
32.17
0.01
0.01
0.01
0.01
25.78
50.94
28.91
19.89
29.94
19.92
44.54
20.98
0.01
0.01
0.01
0.01
0.01
0.01
0.01
0.01
30.51
34.95
64.18
5.12
6.82
4.70
0.01
0.01
34.06
28.60
34.97
21.75
27.96
17.92
0.02
0.02
42.84
26.16
4.33
66.59
26.17
8.18
23.46
38.16
0.01
0.01
14.06
53.97
0.01
0.01
0.02
0.01
0.01
0.01
0.01
0.01
0.01
0.01
0.01
0.01
0.01
0.01
0.01
0.01
34.51
12.16
23.54
20.29
37.81
20.87
0.01
0.01
0.01
0.00
0.01
0.01
0.00
0.01
0.01
0.01
0.01
0.01
34.31
30.66
0.01
0.01
0.01
0.01
0.01
0.01
0.01
0.01
27.57
24.29
0.01
0.01
0.01
0.01
0.01
0.01
35.56
29.36
0.01
0.01
0.01
0.01
0.01
0.01
0.05
0.01
29.78
29.52
39.30
27.81
82.64
1.15
2.98
73.58
35.32
34.26
0.01
0.01
23.14
34.46
0.01
0.01
0.01
0.01
0.01
0.01
0.01
0.01
0.01
0.01
0.01
0.01
43.18
22.23
0.01
0.01
0.01
0.01
0.01
0.01
0.01
0.01
35.60
10.44
32.31
15.54
42.86
13.49
28.34
15.82
40.89
25.17
0.01
0.01
28.65
20.44
0.01
0.01
11.17
29.34
0.01
0.01
20.79
54.54
39.64
17.32
0.01
0.01
0.01
0.01
0.01
0.01
55.16
20.20
12.68
25.75
39.36
28.56
0.02
0.01
0.01
0.01
0.01
0.01
0.01
0.01
34.86
17.05
31.49
30.94
0.01
0.01
0.01
0.01
29.49	204.57
23.43
0.01
0.01
0.01
0.01
0.01
0.01
45.21
31.43
0.01
0.01
28.25
45.70
0.01
0.01
7.56
71.81
0.01
0.01
31.42
27.24
0.01
0.01
16.10
34.50
34.38
27.68
0.01
0.02
65.12
14.02
45.52
23.08
41.76
16.50
6.95
71.55
0.00
0.01
0.01
0.01
0.01
0.01
0.01
0.01
0.00
20.96
0.01
0.01
0.01
0.01
0.01
0.01
69.90
7.86
42.96
19.41
31.30
39.68
13.02
52.87
0.01
0.01
24.64
32.15
0.01
0.01
25.19
39.78
0.01
0.01
0.01
0.01
3.97
43.43
0.01
0.01
33.35
24.30
34.97
25.56
0.01
0.01
0.01
0.01
0.01
0.01
0.01
0.01
0.01
0.01
0.01
0.01
0.01
0.00
0.02
0.01
22.43
25.96
0.00
0.01
0.01
0.01
17.38
16.13
0.01
0.02
36.89
29.40
50.18
24.96
17.77
9.92
0.01
0.01
32.44
31.22
43.73
26.92
0.01
0.01
0.01
0.01
0.02
0.01
27.88
19.99
37.92
5.60
6.37
49.12
10.83
28.47
34.25
27.44
0.01
0.01
0.01
0.01
0.01
0.01
0.01
0.01
34.79
24.14
21.84
26.41
32.61
39.36
0.01
0.01
1.11
77.42
0.01
0.01
0.01
0.01
0.01
0.01
6.95
55.29
44.56
29.19
39.35
11.34
18.68
19.15
6.47
44.44
0.01
0.01
0.01
0.01
0.01
0.01
0.01
0.01
0.01
0.01
0.02
0.01
0.01
0.01
0.01
0.01
0.01
0.01
0.01
0.01
39.42
23.47
37.09
32.82
0.01
0.01
23.39
21.48
0.01
0.01
0.01
0.01
16.99
18.89
0.01
0.01
0.01
0.01
35.08
24.61
0.01
0.01
0.01
0.01
8.47
6.99
0.01
0.01
0.01
0.01
15.73
28.13
0.01
0.01
48.48
19.58
0.01
0.01
0.01
0.01
0.01
0.01
0.01
0.01
0.01
0.01
37.07
8.97
0.01
0.01
18.15
29.08
14.30
33.64
0.01
0.01
0.02
0.01
0.01
0.01
0.02
0.01
0.01
0.01
22.85
38.49
Busy%	PkgWatt
12.26	429.57
26.14	224.19
42.13
39.23
30.94
12.19
0.19
0.01
0.01
17.34
33.63
0.01
0.01
1.19
58.05
24.40
27.29
45.40
22.72
0.01
0.01
0.01
0.01
0.01
0.01
29.14
20.94
0.01
0.01
18.19
35.02
0.01
0.01
20.32
29.10
0.01
0.01
0.01
0.01
16.51
31.94
71.94
0.21
31.23
21.95
10.79
32.46
0.01
0.01
0.01
0.03
39.16
27.45
0.01
0.01
0.01
0.01
29.26
47.68
0.01
0.01
0.01
0.01
30.33
18.96
19.75
23.37
25.09
31.69
17.29
32.56
0.01
0.01
0.01
0.01
0.02
0.01
0.01
0.01
11.45
22.75
13.78
56.33
34.49
15.85
0.01
0.01
4.24
74.22
32.11
14.84
54.31
11.08
0.01
0.01
36.44
36.48
5.07
12.06
23.29
28.43
47.50
25.13
0.01
0.01
29.12
34.53
0.01
0.01
0.03
0.01
0.01
0.01
0.01
0.00
0.01
0.01
0.01
0.01
0.01
0.01
0.01
0.01
6.26
23.82
20.72
33.05
38.27
20.42
0.02
0.01
0.01
0.01
0.01
0.01
0.01
0.02
0.01
0.01
0.01
0.01
32.84
3.30
0.01
0.03
0.01
0.01
0.01
0.01
0.01
0.01
39.20
25.56
0.02
0.01
0.01
0.01
0.01
0.01
32.83
15.84
0.01
0.01
0.02
0.01
0.02
0.01
0.04
0.01
28.49
35.93
11.97
37.48
16.20
28.60
18.30
26.64
22.18
26.92
0.01
0.01
58.66
3.25
0.01
0.01
0.01
0.01
0.01
0.01
0.01
0.01
0.01
0.01
0.01
0.01
39.94
30.41
0.01
0.01
0.01
0.01
0.01
0.01
0.02
0.01
19.33
26.13
26.91
25.15
2.92
21.17
25.00
21.99
31.18
29.23
0.01
0.01
24.03
16.26
0.02
0.01
27.74
25.04
0.02
0.01
13.00
51.44
32.84
18.07
0.01
0.02
0.01
0.01
0.01
0.01
6.26
43.61
0.00
70.97
3.02
72.13
0.02
0.01
0.02
0.01
0.02
0.01
0.01
0.01
25.64
25.46
34.97
18.85
0.02
0.01
0.01
0.01
32.49	205.91
32.80
0.02
0.01
0.01
0.01
0.02
0.01
53.10
31.19
0.01
0.02
22.29
44.40
0.02
0.02
23.36
0.00
0.01
0.02
12.16
43.13
0.01
0.09
30.23
18.78
33.17
18.18
0.02
0.02
45.92
18.28
2.91
25.92
14.95
54.47
17.75
47.18
0.02
0.01
0.02
0.01
0.01
0.01
0.01
0.01
25.75
24.21
0.02
0.02
0.01
0.01
0.01
0.02
40.65
22.37
33.74
42.80
34.82
27.78
3.28
56.66
0.01
0.01
31.66
35.67
0.02
0.02
31.10
42.72
0.01
0.00
0.02
0.01
28.72
28.66
0.02
0.00
10.63
0.08
21.76
37.62
0.02
0.01
0.01
0.01
0.01
0.01
0.02
0.01
0.01
0.02
0.01
0.01
0.02
0.16
0.09
0.01
29.95
13.95
0.00
0.01
0.02
0.01
41.60
15.18
0.02
0.01
25.90
35.65
66.44
9.35
38.89
24.63
0.01
0.01
35.89
19.39
43.65
25.78
0.01
0.01
0.01
0.01
0.01
0.01
2.88
35.95
10.41
26.04
20.97
37.66
23.30
31.36
3.10
74.49
0.02
0.01
0.02
0.01
0.01
0.01
0.02
0.01
6.95
39.38
35.32
40.41
34.48
29.79
0.01
0.01
9.79
54.39
0.02
0.01
0.01
0.01
0.02
0.01
2.91
75.78
16.38
35.97
24.81
42.64
0.01
15.03
79.20
3.10
0.01
0.03
0.01
0.02
0.01
0.01
0.02
0.01
0.01
0.01
0.02
0.01
0.01
0.02
0.02
0.01
0.01
0.01
0.01
0.01
52.45
8.96
24.77
45.65
0.01
0.01
24.57
43.75
0.01
0.01
0.02
0.01
16.22
35.27
0.02
0.01
0.01
0.01
20.03
34.90
0.01
0.01
0.01
0.01
25.42
32.45
0.01
0.01
0.01
0.01
37.35
3.03
0.01
0.01
20.16
31.87
0.01
0.02
0.01
0.01
0.01
0.02
0.01
0.01
0.01
0.01
25.03
30.97
0.01
0.02
30.27
26.51
7.36
40.87
0.01
0.02
0.01
0.01
0.01
0.01
0.01
0.02
0.01
0.02
62.07
18.93
Busy%	PkgWatt
8.25	395.10
17.77	231.61
100.00
4.28
30.64
3.43
35.51
0.04
0.04
5.96
52.49
0.04
0.04
7.19
56.70
18.75
12.00
3.85
32.62
0.05
0.04
0.04
0.04
0.05
0.04
10.59
34.12
0.04
0.04
3.61
24.96
0.03
0.04
23.74
43.65
0.04
0.04
0.04
0.04
3.56
20.63
5.74
32.69
3.90
19.97
1.96
22.24
0.05
0.05
0.04
0.04
2.40
19.27
0.03
0.05
0.05
0.04
9.02
62.23
0.04
0.04
0.04
0.04
3.45
18.19
15.12
49.18
5.12
37.75
10.73
65.98
0.04
0.04
0.04
0.04
0.05
0.04
0.05
0.04
6.29
58.66
14.65
48.58
12.41
17.29
0.04
0.04
7.34
27.37
20.62
54.30
2.79
15.42
0.04
0.04
31.44
35.68
22.59
31.87
28.98
16.00
13.52
63.58
0.05
0.04
15.03
53.99
0.04
0.04
0.05
0.04
0.05
0.04
0.05
0.04
0.04
0.05
0.05
0.05
0.04
0.04
0.05
0.04
24.76
20.97
3.50
22.42
5.06
48.02
0.05
0.04
0.04
0.04
0.04
0.04
0.04
0.04
0.05
0.04
0.04
0.04
4.00
43.05
0.05
0.05
0.04
0.04
0.05
0.04
0.05
0.04
9.26
58.25
0.07
0.06
0.05
0.04
0.04
0.04
12.70
44.61
0.05
0.04
0.05
0.04
0.04
0.04
0.11
0.05
7.21
64.19
9.48
12.54
15.97
21.47
7.89
45.39
5.83
30.61
0.04
0.04
15.10
55.41
0.04
0.05
0.04
0.04
0.05
0.04
0.04
0.04
0.05
0.04
0.03
0.04
5.67
19.88
0.05
0.04
0.04
0.04
0.05
0.03
0.04
0.04
5.61
44.03
20.62
19.24
3.43
15.19
2.72
35.75
8.51
61.28
0.05
0.04
3.36
15.42
0.04
0.03
9.35
70.91
0.03
0.04
19.87
38.56
23.85
35.39
0.04
0.04
0.05
0.04
0.05
0.04
21.55
49.58
14.54
46.73
4.13
38.93
0.05
0.04
0.05
0.03
0.05
0.04
0.06
0.04
9.62
60.12
5.99
25.42
0.05
0.04
0.05
0.04
7.33	163.71
30.23
0.05
0.04
0.04
0.01
0.05
0.05
8.03
3.44
0.05
0.05
16.83
11.80
0.05
0.08
5.98
0.88
0.06
0.09
11.30
21.19
0.06
0.05
5.96
22.04
5.61
7.67
0.06
0.07
3.93
2.23
21.71
14.55
7.93
4.75
24.68
22.83
0.06
0.05
0.06
0.05
0.03
0.03
0.05
0.05
4.55
7.30
0.06
0.06
0.03
0.00
0.05
0.05
5.55
5.08
5.62
9.66
14.08
9.07
6.55
18.37
0.04
0.05
29.69
42.91
0.05
0.08
1.62
3.88
0.01
0.09
0.06
0.05
0.23
23.61
0.05
0.05
2.37
7.67
7.16
7.30
0.06
0.02
0.05
0.06
0.05
0.06
0.05
0.05
0.04
0.10
0.05
0.05
0.03
0.06
0.07
0.06
9.88
22.17
0.06
0.06
0.02
0.05
10.70
29.43
0.06
0.05
11.43
3.38
8.61
10.70
10.92
41.93
0.05
0.06
15.42
13.09
22.42
40.47
0.00
0.06
0.05
0.06
0.05
0.06
2.01
22.10
8.62
17.27
1.80
11.70
2.66
22.70
3.50
18.64
0.02
0.05
0.04
0.05
0.06
0.05
0.03
0.06
7.42
18.22
8.04
20.06
9.36
15.52
0.05
0.02
8.58
27.42
0.05
0.05
0.05
0.06
0.05
0.06
12.93
6.24
10.41
16.95
7.08
17.41
4.51
5.73
7.38
10.95
0.04
0.03
0.05
0.07
0.05
0.05
0.09
0.06
0.05
0.05
0.05
0.06
0.02
0.01
0.05
0.06
0.05
0.04
0.05
0.06
1.84
1.37
9.38
18.95
0.05
0.01
7.12
21.44
0.04
0.05
0.04
0.05
0.83
25.59
0.03
0.05
0.02
0.05
19.08
21.03
0.05
0.06
0.05
0.05
4.55
6.56
0.05
0.06
0.03
0.06
14.79
21.21
0.05
0.06
28.71
5.93
0.05
0.07
0.05
0.05
0.05
0.02
0.05
0.05
0.04
0.05
10.86
22.20
0.05
0.05
8.77
14.94
20.74
5.63
0.00
0.04
0.00
0.06
0.06
0.06
0.05
0.09
0.05
0.01
14.56
1.40
Busy%	PkgWatt
9.03	399.06
79.07	234.49
21.25
56.53
15.24
6.89
52.39
0.03
0.02
12.90
44.02
0.03
0.02
10.53
45.22
38.27
0.56
10.90
44.95
0.03
0.03
0.03
0.03
0.03
0.03
11.37
36.61
0.03
0.03
18.68
47.02
0.02
0.03
19.32
53.08
0.03
0.03
0.03
0.03
25.04
33.50
13.30
31.30
7.55
42.09
4.46
47.67
0.04
0.03
0.04
0.03
7.40
37.57
0.02
0.03
0.03
0.03
18.72
47.96
0.03
0.03
0.03
0.03
10.23
28.21
29.08
44.11
2.90
32.15
13.07
62.30
0.03
0.03
0.03
0.03
0.04
0.03
0.03
0.03
4.89
55.05
8.26
32.80
8.42
33.48
0.03
0.03
0.21
5.20
5.83
24.50
19.42
22.28
0.03
0.03
7.61
51.92
11.74
47.70
16.39
14.30
34.80
26.16
0.03
0.03
23.59
42.58
0.03
0.03
0.06
0.03
0.03
0.03
0.04
0.03
0.04
0.03
0.04
0.03
0.03
0.03
0.03
0.03
18.93
49.87
15.93
22.17
9.31
59.10
0.04
0.03
0.03
0.03
0.03
0.03
0.04
0.03
0.03
0.03
0.04
0.03
2.96
68.76
0.04
0.05
0.03
0.03
0.03
0.03
0.03
0.03
23.81
45.57
0.02
0.03
0.03
0.03
0.03
0.03
13.02
46.65
0.04
0.03
0.04
0.03
0.04
0.03
0.08
0.03
34.13
41.29
15.99
48.06
11.95
16.55
4.14
26.09
8.30
45.79
0.03
0.03
6.29
37.95
0.03
0.03
0.04
0.03
0.03
0.03
0.04
0.03
0.04
0.03
0.04
0.03
13.64
32.88
0.03
0.03
0.03
0.03
0.03
0.04
0.04
0.04
13.06
36.01
23.41
34.55
23.72
24.99
17.85
41.67
20.09
57.80
0.03
0.03
14.79
51.53
0.03
0.03
10.30
34.40
0.02
0.03
10.92
69.88
15.54
46.10
0.03
0.03
0.03
0.03
0.03
0.03
57.22
23.02
31.62
46.94
13.21
32.02
0.04
0.03
0.04
0.01
0.04
0.03
0.03
0.03
10.07
21.80
44.48
23.54
0.02
0.03
0.03
0.03
23.48	164.43
28.79
0.03
0.03
0.03
0.03
0.03
0.03
23.95
11.40
0.04
0.03
15.60
18.92
0.04
0.01
36.59
7.48
0.03
0.07
1.51
2.03
0.04
0.08
23.50
6.24
28.32
2.85
0.03
0.04
2.29
7.05
2.22
12.43
8.27
6.77
6.77
46.91
0.05
0.04
0.04
0.04
0.02
0.04
0.04
0.04
10.06
17.11
0.04
0.04
0.01
0.04
0.04
0.04
24.63
2.95
22.78
6.22
24.29
21.11
9.63
10.80
0.03
0.04
8.11
14.77
0.04
0.01
0.78
4.07
0.03
0.01
0.01
0.03
14.56
36.07
0.03
0.03
4.50
7.38
23.54
0.67
0.04
0.04
0.03
0.04
0.03
0.04
0.03
0.04
0.03
0.05
0.03
0.04
0.02
0.04
0.13
0.04
0.63
39.89
0.05
0.04
0.01
0.04
17.26
25.85
0.05
0.03
4.00
9.93
1.07
0.23
11.30
14.54
0.04
0.04
10.39
24.95
0.00
11.84
0.03
0.04
0.03
0.04
0.03
0.04
2.30
9.04
4.40
21.93
0.44
0.38
0.49
6.99
0.53
17.62
0.02
0.03
0.01
0.03
0.00
0.03
0.02
0.04
6.62
18.06
16.02
18.02
11.14
30.70
0.03
0.04
2.66
9.40
0.02
0.04
0.03
0.04
0.03
0.02
0.67
39.17
1.92
12.28
20.88
17.81
4.81
5.14
13.56
6.26
0.04
0.00
0.03
0.04
0.04
0.04
0.02
0.05
0.04
0.05
0.04
0.04
0.01
0.04
0.09
0.04
0.03
0.04
0.03
0.04
3.31
25.80
27.47
37.18
0.03
0.04
9.45
10.23
0.01
0.04
0.01
0.04
1.97
16.97
0.01
0.05
0.03
0.04
5.08
17.06
0.04
0.04
0.03
0.04
2.64
4.20
0.03
0.04
0.02
0.04
13.09
25.26
0.03
0.04
10.56
13.75
0.04
0.04
0.04
0.04
0.03
0.03
0.04
0.03
0.04
0.03
10.73
12.76
0.04
0.04
2.46
18.28
4.99
22.97
0.03
0.06
0.03
0.04
0.03
0.04
0.03
0.03
0.04
0.05
26.14
1.61
Busy%	PkgWatt
12.34	429.51
34.92	228.90
34.81
14.99
22.92
21.81
46.84
0.01
0.01
6.36
76.84
0.01
0.01
17.54
31.60
82.95
0.53
32.28
17.50
0.01
0.01
0.02
0.01
0.01
0.01
31.62
22.38
0.01
0.01
41.60
15.21
0.02
0.01
11.04
44.12
0.01
0.04
0.01
0.01
35.64
13.64
15.57
24.46
20.66
30.72
8.65
59.51
0.01
0.02
0.01
0.01
16.11
31.90
0.01
0.01
0.01
0.01
0.11
69.62
0.01
0.01
0.01
0.01
23.50
3.39
19.48
41.88
12.81
65.17
45.51
25.12
0.01
0.01
0.01
0.01
0.01
0.01
0.01
0.01
66.91
10.49
30.25
18.95
57.04
13.17
0.01
0.01
0.01
0.01
29.74
15.33
26.35
13.39
0.02
0.02
22.98
34.38
33.51
38.18
18.15
37.35
20.24
25.28
0.01
0.01
18.49
41.22
0.01
0.02
0.01
0.02
0.01
0.01
0.01
0.01
0.01
0.01
0.01
0.01
0.01
0.01
0.01
0.01
36.36
26.75
31.87
26.75
21.83
53.64
0.01
0.01
0.01
0.01
0.01
0.01
0.01
0.01
0.01
0.01
0.01
0.01
5.95
63.08
0.01
0.01
0.01
0.01
0.01
0.01
0.01
0.01
50.15
24.24
0.01
0.02
0.01
0.01
0.01
0.01
32.22
34.82
0.01
0.01
0.01
0.01
0.01
0.01
0.05
0.01
41.90
13.15
47.74
21.50
25.15
12.59
27.60
34.23
5.73
61.92
0.01
0.01
36.20
21.83
0.01
0.01
0.01
0.01
0.01
0.01
0.01
0.01
0.01
0.01
0.01
0.01
32.19
38.00
0.01
0.01
0.01
0.01
0.01
0.01
0.01
0.01
22.63
47.13
15.17
33.14
49.58
15.16
42.99
13.91
27.28
20.10
0.01
0.01
64.40
6.64
0.01
0.01
42.88
27.03
0.01
0.01
32.12
9.55
55.59
15.36
0.01
0.01
0.01
0.01
0.01
0.01
46.80
32.39
19.89
23.09
39.53
18.88
0.02
0.01
0.01
0.01
0.01
0.01
0.01
0.01
36.46
18.82
40.91
15.84
0.02
0.01
0.01
0.01
34.08	200.17
14.88
0.01
0.01
0.01
0.01
0.01
0.01
49.33
15.33
0.01
0.01
0.00
19.09
0.01
0.01
35.18
10.22
0.01
0.01
14.01
17.36
0.01
0.01
68.11
10.82
40.65
24.52
0.01
0.02
29.92
23.35
30.10
34.40
2.83
65.37
31.42
9.40
0.00
0.01
0.01
0.01
0.01
0.01
0.01
0.01
0.06
15.35
0.01
0.01
0.01
0.01
0.01
0.01
33.91
13.65
8.49
0.09
45.10
36.56
12.23
44.22
0.01
0.01
50.72
21.86
0.01
0.01
24.96
25.69
0.01
0.01
0.01
0.01
23.03
21.25
0.01
0.01
0.00
48.87
26.80
27.53
0.01
0.01
0.01
0.01
0.01
0.01
0.01
0.01
0.01
0.01
0.01
0.01
0.01
0.01
0.03
0.01
23.79
22.25
0.01
0.01
0.01
0.01
22.10
17.07
0.01
0.02
60.24
10.97
57.10
21.72
85.78
2.90
0.01
0.01
36.73
18.28
61.57
13.17
0.01
0.01
0.01
0.01
0.01
0.01
18.87
0.05
78.22
0.09
34.55
18.27
25.46
28.30
34.39
30.09
0.01
0.01
0.01
0.01
0.01
0.01
0.01
0.01
21.05
18.47
45.88
6.50
51.89
19.35
0.01
0.01
36.36
12.37
0.01
0.01
0.01
0.01
0.01
0.01
48.93
14.76
31.13
22.52
40.87
22.63
30.74
21.41
36.92
17.75
0.01
0.01
0.01
0.01
0.01
0.01
0.02
0.01
0.01
0.01
0.02
0.01
0.02
0.01
0.01
0.01
0.01
0.01
0.01
0.01
8.43
26.70
26.27
18.19
0.01
0.01
23.34
23.64
0.01
0.01
0.01
0.01
30.57
19.37
0.01
0.01
0.01
0.01
48.73
11.67
0.01
0.01
0.01
0.01
40.31
19.08
0.01
0.01
0.01
0.01
44.22
14.72
0.01
0.01
56.16
16.30
0.01
0.01
0.01
0.01
0.01
0.01
0.01
0.01
0.01
0.01
26.69
15.56
0.01
0.01
26.47
27.19
31.67
14.60
0.01
0.01
0.01
0.01
0.01
0.01
0.01
0.01
0.01
0.01
48.66
9.48
Busy%	PkgWatt
11.95	424.40
40.31	220.18
23.02
42.93
17.02
23.43
52.67
0.02
0.01
54.37
0.22
0.01
0.01
34.74
19.28
27.96
18.15
26.01
10.55
0.01
0.01
0.02
0.01
0.01
0.01
28.99
46.72
0.01
0.01
40.93
14.19
0.01
0.01
43.15
8.14
0.01
0.01
0.01
0.01
26.27
26.39
28.50
7.25
0.01
9.59
31.42
4.64
0.02
0.01
0.01
0.01
38.35
13.16
0.01
0.01
0.01
0.01
27.87
20.31
0.01
0.01
0.01
0.01
50.17
19.30
10.00
68.04
21.10
21.46
36.53
28.16
0.01
0.01
0.01
0.01
0.02
0.01
0.01
0.01
46.85
11.47
35.01
25.17
0.01
9.63
0.01
0.01
0.01
0.01
33.39
16.40
39.87
3.26
0.01
0.01
53.60
13.64
19.85
8.57
40.67
9.18
47.50
33.26
0.01
0.01
41.20
16.85
0.01
0.01
0.09
0.01
0.01
0.01
0.01
0.01
0.01
0.01
0.01
0.01
0.01
0.01
0.01
0.01
53.95
16.68
38.28
16.33
24.46
23.64
0.01
0.01
0.01
0.01
0.01
0.01
0.01
0.01
0.01
0.01
0.01
0.01
33.33
0.28
0.01
0.01
0.01
0.01
0.01
0.01
0.05
0.01
31.26
15.64
0.02
0.01
0.01
0.01
0.01
0.01
36.69
14.42
0.01
0.01
0.02
0.01
0.02
0.01
0.05
0.01
42.46
12.87
3.62
0.37
19.78
20.45
15.18
73.68
22.86
26.79
0.01
0.01
29.40
37.69
0.01
0.01
0.01
0.01
0.01
0.01
0.01
0.01
0.01
0.01
0.01
0.01
51.54
7.49
0.01
0.01
0.01
0.01
0.01
0.01
0.03
0.01
21.50
19.05
31.29
19.18
9.38
2.48
36.17
13.68
30.53
19.83
0.01
0.01
2.74
68.67
0.01
0.01
54.81
15.72
0.01
0.01
38.76
27.32
43.41
20.31
0.01
0.02
0.01
0.01
0.01
0.01
46.90
14.92
25.42
31.27
44.25
8.19
0.02
0.01
0.01
0.01
0.02
0.01
0.01
0.01
43.88
14.35
7.16
72.60
0.01
0.01
0.01
0.01
38.65	204.14
6.23
0.02
0.01
0.01
0.01
0.01
0.02
45.67
19.49
0.02
0.01
18.91
35.73
0.01
0.01
11.81
8.76
0.01
0.01
62.76
11.96
0.01
0.01
31.91
6.70
30.03
36.82
0.01
0.01
31.75
31.72
65.97
14.89
2.95
76.27
24.31
29.85
0.01
0.01
0.01
0.01
0.01
0.01
0.01
0.01
0.18
86.79
0.01
0.01
0.01
0.01
0.01
0.02
21.36
57.33
19.36
20.06
32.93
36.89
26.61
38.81
0.01
0.01
56.16
8.37
0.02
0.01
31.23
42.46
0.01
0.01
0.01
0.01
28.46
28.15
0.02
0.01
15.53
44.90
22.01
30.36
0.01
0.01
0.01
0.01
0.01
0.01
0.01
0.01
0.01
0.01
0.01
0.01
0.02
0.01
0.14
0.01
7.07
16.26
0.01
0.01
0.01
0.01
2.94
80.29
0.01
0.01
19.86
27.78
11.92
48.23
0.04
21.85
0.01
0.01
2.90
82.03
35.42
22.85
0.01
0.01
0.01
0.01
0.01
0.01
24.06
22.57
21.21
41.47
76.33
3.04
19.48
43.02
0.13
85.16
0.01
0.01
0.01
0.01
0.01
0.01
0.01
0.01
23.76
34.19
32.01
25.35
12.61
45.87
0.01
0.01
12.79
13.72
0.01
0.01
0.01
0.01
0.02
0.01
3.56
29.76
26.12
0.18
18.92
42.69
24.52
42.78
9.29
40.03
0.01
0.01
0.01
0.01
0.01
0.01
0.01
0.01
0.01
0.01
0.01
0.01
0.01
0.01
0.01
0.01
0.01
0.01
0.01
0.01
31.90
4.30
16.81
31.82
0.01
0.01
27.05
36.79
0.01
0.01
0.01
0.01
25.81
6.46
0.01
0.01
0.01
0.01
63.66
13.29
0.01
0.01
0.01
0.01
6.31
36.25
0.01
0.01
0.01
0.01
10.22
36.29
0.01
0.01
22.67
35.49
0.01
0.01
0.01
0.01
0.01
0.02
0.01
0.01
0.01
0.01
19.58
26.63
0.01
0.02
36.21
21.35
3.10
65.52
0.01
0.01
0.01
0.01
0.01
0.01
0.01
0.01
0.01
0.01
63.81
9.19
Busy%	PkgWatt
12.68	432.90
40.96	225.60
36.07
45.02
31.01
36.30
30.05
0.01
0.01
27.22
29.00
0.01
0.01
56.45
23.60
0.01
51.18
17.88
6.00
0.01
0.01
0.01
0.01
0.01
0.01
34.09
25.77
0.01
0.01
24.83
25.22
0.01
0.01
0.01
22.87
0.01
0.01
0.01
0.01
0.00
87.79
31.78
13.29
26.76
10.52
52.27
21.28
0.02
0.01
0.01
0.01
37.27
10.98
0.01
0.01
0.01
0.01
82.25
0.18
0.01
0.01
0.01
0.01
31.95
27.19
37.59
15.60
31.86
21.85
6.46
63.05
0.01
0.01
0.01
0.01
0.01
0.01
0.01
0.01
41.41
21.61
35.81
13.10
14.24
47.00
0.01
0.01
0.01
0.01
35.96
7.45
35.27
16.61
0.01
0.01
45.10
26.53
33.65
20.32
25.40
27.25
20.37
65.01
0.01
0.01
28.03
19.39
0.01
0.01
0.01
0.01
0.01
0.01
0.01
0.01
0.01
0.01
0.01
0.01
0.01
0.01
0.01
0.01
46.86
13.92
3.37
60.14
17.70
35.68
0.01
0.01
0.01
0.01
0.01
0.01
0.01
0.01
0.02
0.01
0.01
0.01
15.88
20.52
0.01
0.01
0.01
0.01
0.01
0.01
0.01
0.01
54.00
9.45
0.01
0.03
0.01
0.01
0.01
0.01
18.53
11.61
0.01
0.01
0.02
0.01
0.01
0.01
0.06
0.02
32.33
20.03
32.15
30.84
29.38
22.72
30.96
16.59
29.71
24.54
0.01
0.01
69.65
5.63
0.01
0.01
0.01
0.01
0.01
0.01
0.01
0.01
0.01
0.01
0.01
0.01
35.74
29.25
0.01
0.01
0.01
0.01
0.01
0.01
0.01
0.01
41.09
20.86
39.65
21.46
44.33
16.95
38.35
16.65
33.62
19.09
0.01
0.01
46.17
16.39
0.02
0.01
47.10
23.54
0.01
0.01
21.97
0.09
47.91
18.55
0.01
0.01
0.01
0.01
0.01
0.01
39.47
14.46
34.06
27.32
40.17
10.03
0.01
0.01
0.01
0.01
0.01
0.01
0.01
0.01
31.28
31.05
46.99
13.07
0.01
0.01
0.01
0.01
34.48	207.20
6.79
0.01
0.01
0.01
0.01
0.01
0.01
81.14
0.00
0.01
0.01
50.00
12.14
0.01
0.01
32.68
40.63
0.01
0.01
25.31
45.70
0.01
0.01
30.01
46.20
33.21
35.02
0.01
0.01
24.47
27.55
38.05
23.68
57.56
16.65
27.68
25.88
0.00
0.01
0.01
0.01
0.01
0.01
0.02
0.01
41.38
21.64
0.01
0.01
0.01
0.01
0.01
0.01
32.09
24.97
6.63
2.80
21.72
40.16
9.88
32.81
0.01
0.01
35.98
43.09
0.01
0.01
21.42
11.48
0.01
0.00
0.01
0.01
13.86
61.47
0.01
0.01
3.18
58.42
13.23
34.22
0.01
0.01
0.01
0.01
0.01
0.01
0.01
0.01
0.01
0.01
0.01
0.01
0.01
0.01
0.02
0.01
48.31
18.39
0.02
0.01
0.01
0.01
39.35
24.71
0.02
0.01
29.04
18.51
36.71
34.10
36.93
27.35
0.01
0.01
32.42
41.80
32.55
27.83
0.01
0.01
0.01
0.02
0.01
0.01
23.24
25.00
28.19
14.46
42.25
14.69
37.23
14.46
64.26
13.13
0.04
0.02
0.01
0.01
0.02
0.01
0.02
0.01
11.75
34.21
28.34
30.95
25.83
27.43
0.01
0.01
26.53
26.28
0.01
0.01
0.01
0.01
0.01
0.01
19.33
33.66
33.29
19.34
29.19
30.39
19.75
36.42
33.63
30.34
0.01
0.00
0.01
0.01
0.01
0.01
0.01
0.01
0.01
0.01
0.01
0.01
0.01
0.01
0.01
0.01
0.01
0.01
0.01
0.01
58.21
15.37
49.12
8.62
0.03
0.01
48.01
12.82
0.01
0.01
0.01
0.01
42.41
13.14
0.01
0.01
0.02
0.01
0.00
72.27
0.01
0.01
0.01
0.01
2.99
60.81
0.01
0.01
0.02
0.01
35.89
27.52
0.01
0.01
66.02
16.33
0.01
0.00
0.01
0.01
0.01
0.01
0.01
0.01
0.01
0.01
30.63
24.66
0.01
0.01
39.63
30.61
16.44
30.36
0.01
0.01
0.01
0.01
0.01
0.01
0.01
0.01
0.01
0.01
9.88
37.16
Busy%	PkgWatt
12.82	434.11
12.53	230.35
56.35
56.92
0.09
74.81
0.16
0.01
0.01
26.84
30.00
0.01
0.01
16.28
43.29
39.31
0.33
9.47
17.08
0.01
0.01
0.01
0.01
0.01
0.02
36.58
42.54
0.01
0.02
34.19
40.21
0.01
0.02
29.58
25.75
0.01
0.01
0.01
0.00
33.77
0.18
56.77
12.94
24.14
0.22
15.10
58.85
0.01
0.01
0.01
0.01
61.41
0.09
0.01
0.01
0.01
0.01
68.57
0.18
0.01
0.01
0.01
0.00
15.33
47.36
9.75
69.14
30.58
30.57
6.26
55.38
0.01
0.01
0.01
0.01
0.01
0.01
0.01
0.01
15.69
39.28
59.63
17.57
45.02
25.93
0.01
0.01
0.01
0.01
0.01
0.26
77.34
0.18
0.01
0.00
38.14
28.10
32.99
26.00
78.98
0.07
25.63
50.03
0.01
0.01
25.85
44.20
0.01
0.00
0.03
0.01
0.01
0.00
0.01
0.01
0.01
0.01
0.01
0.01
0.01
0.00
0.01
0.01
40.73
18.28
22.43
51.30
76.21
0.23
0.01
0.01
0.01
0.02
0.01
0.01
0.01
0.03
0.01
0.01
0.01
0.01
28.47
41.57
0.01
0.01
0.01
0.00
0.00
0.01
0.01
0.01
34.43
33.16
0.01
0.01
0.01
0.01
0.01
0.01
26.83
44.58
0.01
0.00
0.02
0.00
0.01
0.01
0.06
0.00
24.31
41.21
31.23
30.36
24.92
19.19
28.53
25.64
15.26
0.01
0.01
0.01
32.93
25.49
0.01
0.01
0.01
0.01
0.01
0.01
0.01
0.01
0.01
0.01
0.01
0.01
40.15
21.93
0.01
0.01
0.01
0.01
0.01
0.01
0.02
0.01
42.47
24.43
13.19
54.85
41.38
6.51
54.62
11.59
54.05
0.00
0.01
0.00
53.31
0.10
0.01
0.00
0.10
26.10
0.01
0.01
61.33
12.55
54.24
26.52
0.01
0.01
0.01
0.01
0.01
0.01
37.98
22.81
11.46
57.89
65.16
0.12
0.02
0.00
0.02
0.01
0.01
0.01
0.01
0.01
38.12
32.81
45.94
20.43
0.01
0.01
0.01
0.01
63.06	203.93
20.93
0.00
0.01
0.01
0.01
0.00
0.00
33.04
24.17
0.01
0.01
29.64
34.17
0.01
0.01
21.25
26.04
0.00
0.01
23.57
35.60
0.01
0.01
65.41
13.57
35.33
13.08
0.01
0.01
27.07
21.75
44.59
41.10
29.91
46.77
60.61
3.31
0.00
0.02
0.01
0.01
0.01
0.01
0.01
0.01
0.07
83.19
0.03
0.01
0.01
0.01
0.01
0.01
71.54
0.05
76.84
0.07
5.72
79.28
36.56
13.80
0.02
0.01
88.46
0.02
0.01
0.01
50.96
25.28
0.01
0.01
0.01
0.01
26.05
6.47
0.01
0.01
46.22
0.00
0.02
3.39
0.01
0.01
0.01
0.01
0.00
0.01
0.01
0.01
0.01
0.01
0.01
0.01
0.01
0.01
0.02
0.01
54.04
17.09
0.01
0.01
0.01
0.01
46.57
9.79
0.01
0.01
16.68
0.00
55.36
27.10
23.70
27.55
0.02
0.00
29.89
32.73
69.50
9.80
0.01
0.03
0.01
0.03
0.02
0.01
3.29
82.47
56.30
10.54
29.24
9.31
40.47
28.25
6.24
13.72
0.02
0.01
0.01
0.01
0.01
0.01
0.02
0.01
13.77
17.78
25.95
19.82
21.36
12.97
0.02
0.01
29.70
25.04
0.01
0.01
0.02
0.01
0.01
0.01
3.31
61.05
33.52
6.45
34.09
17.99
46.20
6.34
34.26
3.38
0.01
0.01
0.02
0.02
0.02
0.01
0.02
0.01
0.01
0.01
0.01
0.03
0.01
0.02
0.01
0.01
0.01
0.01
0.01
0.01
27.53
34.91
42.84
18.31
0.01
0.01
28.41
33.69
0.01
0.01
0.01
0.01
31.36
8.24
0.01
0.02
0.01
0.01
25.34
13.41
0.02
0.02
0.01
0.01
43.04
15.23
0.01
0.01
0.01
0.01
2.89
12.51
0.01
0.01
37.29
10.15
0.02
0.01
0.01
0.01
0.02
0.01
0.01
0.01
0.01
0.01
47.48
20.04
0.01
0.01
13.27
28.23
13.38
41.89
0.01
0.01
0.01
0.01
0.01
0.01
25.68
16.04
0.01
0.01
27.98
33.10
Busy%	PkgWatt
12.55	431.89
14.31	221.41
44.24
13.02
59.69
12.18
38.17
0.03
0.01
7.45
20.66
0.01
0.01
14.50
16.00
6.76
38.06
42.68
21.00
0.03
0.01
0.02
0.01
0.02
0.01
43.17
30.64
0.02
0.01
24.07
34.65
32.28
12.84
19.77
36.92
0.02
0.02
0.02
0.01
36.27
22.96
22.37
39.95
25.76
37.65
3.86
63.19
0.04
0.05
0.02
0.02
31.61
22.60
0.01
0.01
0.02
0.01
34.50
34.37
0.02
0.01
0.02
0.01
20.73
12.86
19.62
39.24
21.43
45.90
23.07
34.49
0.02
0.02
0.02
0.03
0.02
0.02
0.02
0.02
0.00
30.19
7.10
25.89
52.92
12.78
0.02
0.01
0.02
0.01
21.41
14.27
30.17
18.15
0.02
0.04
15.88
32.36
13.80
23.39
0.20
84.76
43.41
35.73
0.02
0.01
33.10
19.94
0.02
0.01
0.02
0.01
0.02
0.06
0.02
0.01
0.02
0.01
0.02
0.01
0.01
0.01
0.02
0.01
0.20
56.61
32.44
6.98
35.68
24.27
0.02
0.01
0.02
0.01
0.01
0.01
0.02
0.01
0.02
0.01
0.02
0.01
19.53
47.51
0.01
0.01
0.02
0.02
0.01
0.01
0.02
0.01
48.44
24.10
0.01
0.01
0.02
0.01
0.01
0.01
54.53
12.65
0.02
0.01
0.02
0.01
0.02
0.02
0.05
0.03
39.76
26.99
13.26
14.78
39.56
20.09
60.77
13.22
17.07
7.97
0.01
0.01
35.86
19.90
0.02
0.01
0.02
0.01
0.02
0.01
0.01
0.01
0.02
0.01
0.02
0.01
11.23
23.30
0.01
0.01
0.02
0.02
0.02
0.01
0.01
0.01
7.61
28.11
6.69
27.28
40.59
0.30
53.02
8.76
47.09
12.50
0.01
0.01
33.64
12.42
0.01
0.01
26.21
15.60
0.01
0.01
8.30
21.64
19.43
34.80
0.02
0.01
0.02
0.01
0.01
0.01
37.68
21.27
31.72
20.73
81.98
7.08
0.03
0.01
0.01
0.01
0.02
0.01
0.01
0.01
9.69
19.99
45.41
20.31
0.02
0.01
0.01
0.01
30.41	210.07
0.45
0.01
0.01
0.01
0.01
0.01
0.01
70.82
6.89
0.02
0.01
45.48
21.01
0.02
0.01
25.37
38.79
0.03
0.05
68.46
12.89
0.01
0.01
52.20
7.04
46.50
14.21
0.01
0.01
61.94
9.44
28.34
15.64
45.13
16.52
58.40
12.56
0.02
0.01
0.01
0.01
0.02
0.01
0.01
0.01
73.99
8.93
0.02
0.01
0.02
0.01
0.02
0.01
41.11
19.40
51.19
26.34
51.38
23.60
17.05
37.26
0.02
0.01
37.21
22.82
0.02
0.01
39.43
8.52
0.02
0.02
0.02
0.01
43.62
1.19
0.01
0.01
49.33
14.36
36.84
13.96
0.02
0.01
0.02
0.02
0.02
0.01
0.02
0.02
0.02
0.02
0.02
0.02
0.02
0.01
0.04
0.02
43.07
20.94
0.01
0.02
0.02
0.02
43.46
25.20
0.02
0.04
39.17
21.41
61.67
11.24
81.25
0.66
0.02
0.02
53.72
12.97
50.30
6.58
0.01
0.01
0.03
0.02
0.02
0.02
21.49
47.29
50.63
12.36
42.11
12.45
19.06
46.00
43.29
21.14
0.02
0.01
0.02
0.01
0.02
0.01
0.02
0.01
30.67
13.58
14.18
6.89
54.53
14.21
0.01
0.01
30.36
31.47
0.02
0.02
0.01
0.02
0.01
0.02
0.01
76.09
45.92
5.88
37.18
15.19
69.13
12.05
53.96
12.08
0.01
0.02
0.02
0.02
0.01
0.01
0.04
0.02
0.02
0.02
0.04
0.01
0.03
0.01
0.02
0.02
0.02
0.01
0.02
0.02
53.84
12.16
66.76
6.94
0.02
0.02
26.19
37.45
0.01
0.01
0.02
0.01
0.01
20.16
0.01
0.01
0.01
0.01
25.47
19.81
0.02
0.02
0.01
0.01
42.33
6.50
0.01
0.01
0.02
0.01
39.63
15.42
0.02
0.01
51.29
13.72
0.02
0.01
0.01
0.01
0.02
0.01
0.02
0.01
0.01
0.01
31.78
15.55
0.01
0.02
30.98
8.53
52.90
0.15
0.01
0.01
0.01
0.01
0.01
0.01
35.80
30.60
0.02
0.02
44.55
19.95
